[@幻境]
{

;地图名：幻境一层
H001 75 75 恶灵僵尸   75 10  20
H001 75 75 恶灵僵尸精英   75 10  60
H001 75 75 恶灵僵尸   75 20  20
H001 75 75 恶灵僵尸   75 20  20
H001 75 75 恶灵僵尸   75 20  20
H001 75 75 恶灵尸王   75 15  20
H001 75 75 恶灵尸王精英   75 5  60
H001 75 75 恶灵僵尸   75 20  20
H001 75 75 恶灵僵尸   75 20  20
H001 75 75 跳跳蜂     75 15  40
H001 75 75 钳虫       75 15  40
H001 75 75 蜈蚣      75 15  40
H001 75 75 黑色恶蛆精英   75 3  60
H001 75 75 跳跳蜂精英     75 3  60
H001 75 75 钳虫精英       75 3  60
H001 75 75 蜈蚣精英       75 3  60
H001 75 75 黑色恶蛆   75 15  40
H001 75 75 尸王       75  1  30
H001 75 75 尸王       75  1  30
H001 75 75 骷髅精灵   75  10  15
H001 75 75 骷髅精英   75  10  60
H001 75 75 骷髅精灵   75  10  15 

;━━━━━━━━━━━━━━━━━━━━━━━━━━━━━━━━ 
;地图名：幻境二层
H002   251  41     红野猪        30     5       10
H002   321  72     红野猪        30     5       10
H002   363  146    红野猪        30     5       10
H002   172  59     红野猪        30     5       10
H002   210  93     红野猪        30     5       10
H002   262  140    红野猪        30     5       10
H002   309  19     红野猪       30     5       10
H002   350  303    红野猪        30     5       10
H002   111  105    红野猪        30     5       10
H002   158  149    红野猪        30     5       10
H002   200  200    红野猪        30     5       10
H002   255  306    红野猪        30     5       10
H002   287  286    红野猪精英        30     5       60
H002   56   158    红野猪        30     5       10
H002   153  237    红野猪       30     5       10
H002   112  250    红野猪        30     5       10
H002   114  314    红野猪        30     5       10
H002   304  340    红野猪精英        30     5       60
H002   251  41     黑野猪精英        30     5       60
H002   321  72     黑野猪        30     5       10
H002   363  146    黑野猪        30     5       10
H002   172  59     黑野猪        30     5       10
H002   210  93     黑野猪        30     5       10
H002   262  140    黑野猪        30     5       10
H002   309  19     黑野猪        30     5       10
H002   350  303    黑野猪        30     5       10
H002   111  105    黑野猪        30     5       10
H002   158  149    黑野猪精英        30     5       60
H002   200  200    黑野猪        30     5       10
H002   255  306    黑野猪        30     5       10
H002   287  286    黑野猪        30     5       10
H002   56   158    黑野猪        30     5       10
H002   153  237    黑野猪        30     5       10
H002   112  250    黑野猪        30     5       10
H002   114  314    黑野猪        30     5       10
H002   304  340    黑野猪精英        30     5       60
H002   251  41     红野猪        30     5       10
H002   321  72     红野猪        30     5       10
H002   363  146    红野猪精英        30     5       60
H002   172  59     红野猪        30     5       10
H002   210  93     黑野猪        30     5       10
H002   262  140    黑野猪        30     5       10
H002   309  19     黑野猪        30     5       10
H002   350  303    黑野猪        30     5       10
H002   111  105    黑野猪        30     5       10
H002   158  149    红野猪        30     5       10
H002   200  200    红野猪        30     5       10
H002   255  306    红野猪        30     5       10
H002   287  286    红野猪        30     5       10
H002   56   158    红野猪        30     5       10
H002   153  237    红野猪        30     5       10
H002   112  250    黑野猪        30     5       10
H002   114  314    黑野猪        30     5       10
H002   304  340    黑野猪        30     5       10
H002   200  200    楔蛾          200    5       10
H002   200  200    蝎蛇精英          200    5       60   

;━━━━━━━━━━━━━━━━━━━━━━━━━━━━━━━━ 
;地图名：幻境三层
H003    40      40      沃玛勇士       20      5        5 
H003    40      40      沃玛战将       20      5        5 
H003    40      40      火焰沃玛       20      5        5 
H003    40      40      沃玛战士        20      5        5 
H003    50      50      沃玛勇士       20      7        5 
H003    50      50      沃玛战将       20      7        5 
H003    50      50      火焰沃玛       20      7        5 
H003    50      50      沃玛战士       20      5        5 
H003    60      60      沃玛勇士       20      5        5 
H003    60      60      沃玛战将       20      5        5 
H003    60      60      火焰沃玛       20      5        5 
H003    60      60      沃玛战士       20      5        5 
H003    40      50      沃玛勇士       20      5        5
H003    40      50      沃玛战将       20      5        5
H003    40      50      沃玛战将       20      5        5
H003    40      50      火焰沃玛       20      7        5
H003    40      50      沃玛战将       20      7        5
H003    50      40      火焰沃玛       20      5        5
H003    40      50      沃玛勇士       20      5        5
H003    40      50      沃玛战士       20      5        5
H003    40      50      沃玛战将       20      5        5
H003    40      50      火焰沃玛       20      7        5
H003    40      50      沃玛战将       20      7        5
H003    50      40      沃玛勇士       20      7        5
H003    50      40      沃玛战将       20      5        5
H003    50      40      火焰沃玛       20      5        5
H003    50      40      沃玛战士       20      5        5
H003    60      50      沃玛勇士       20      5        5
H003    60      50      沃玛战将      20      5        5
H003    60      50      火焰沃玛       20      5        5
H003    60      50      沃玛战士       20      5        5
H003	250	250	沃玛战将精英	30	3	60
H003	250	250	暗黑战士精英	30	3	60
H003	250	250	沃玛勇士精英	30	3	60
H003	250	250	沃玛战士精英	30	3	60
H003	50	50	沃玛教主	30	1	30
H003	50	50	沃玛教主	30	1	30
H003	40	40	牛妖	        30	1	60
H003	40	40	阴沉沃玛教主	30	1	60
H003    50      50      沃玛卫士       30      2       30 
H003	250	250	火焰沃玛宝宝	250	10	40
H003	250	250	火焰沃玛宝宝	250	10	40
H003	200	200	火焰沃玛宝宝	200	10	40 
H003	200	200	火焰沃玛宝宝	200	10	40
H003	50	50	火焰沃玛宝宝	30	10	40
H003	200	200	沃玛卫士宝宝	200	2	80 
H003	200	200	沃玛卫士宝宝	200	2	70
H003	50	50	沃玛卫士宝宝	30	2	60
H003	40	40	沃玛教主宝宝	30	1	120

;━━━━━━━━━━━━━━━━━━━━━━━━━━━━━━━━ 
;地图名：幻境四层
H004   19   39     黑色恶蛆       70     20       7
H004   97   81     黑色恶蛆       70     20       7
H004   57   166    黑色恶蛆       70     20       7
H004   178  127    黑色恶蛆       70     20       7
H004   19   39     巨型蠕虫       70     15        7
H004   97   81     巨型蠕虫       70     15        7
H004   57   166    巨型蠕虫       70     15        7
H004   178  127    巨型蠕虫       70     15        7
H004   19   39     跳跳蜂         70     15        7
H004   97   81     跳跳蜂         70     15        7
H004   57   166    跳跳蜂         70     15        7
H004   178  127    跳跳蜂         70     15        7
H004   19   39     钳虫           70     20       7
H004   97   81     钳虫           70     20       7
H004   57   166    钳虫           70     20       7
H004   178  127    钳虫           70     20       7
H004   100  100    钳虫           100    10       10
H004   100  100    钳虫           100    10       10
H004   100  100    蜈蚣           100    70       7
H004   100  100    蜈蚣           100    10       10
H004   100  100    蜈蚣           100    10       10
H004   100  100    邪恶钳虫       100    2        60
H004   100  100    蜈蚣           50     2        20
H004   100  100    巨型蠕虫       50     2        20
H004   100  100    钳虫           50     2        20 
H004   83   168    触龙神         0      1        30
H004   83   168    触龙神精英         0      1      120
H004	50	50	巨型蠕虫精英	100	6	60
H004	50	50	巨型蠕虫	100	2	60
H004	40	50	黑色恶蛆精英	100	6	60
H004	18	50	黑色恶蛆精英	100	6	60
H004	18	50	蜈蚣精英	100	6	60
H004	50	50	钳虫精英	100	4	60
H004	50	50	钳虫精英	100	4	60
H004	50	50	钳虫精英	100	4	60
H004	50	50	邪恶钳虫	100	2	180
H004	50	50	邪恶钳虫	100	1	120
H004	50	50	邪恶钳虫	100	1	120
H004	50	50	邪恶钳虫	100	1	90
H004	50	50	邪恶钳虫精英	100	3	120
H004	50	50	邪恶钳虫宝宝	100	5	60


;━━━━━━━━━━━━━━━━━━━━━━━━━━━━━━━━ 
;地图名：幻境五层
H005 200 190 骷髅锤兵   100 20 8
H005 200 190 骷髅长枪兵 100 20 8
H005 145 80  骷髅刀斧手 100 20 8
H005 145 80  骷髅弓箭手 100 20 10
H005 100 125 骷髅刀斧手 100 20 8
H005 100 125 骷髅锤兵   100 20 10
H005 200 190 骷髅弓箭手 100 20 20
H005 100 125 骷髅长枪兵 100 20 20
H005 100 145 骷髅长枪兵 100 20 8
H005 100 145 骷髅刀斧手 100 20 10
H005 100 140 骷髅刀斧手 100 20 60
H005	190	60	骷髅枪兵精英	200	6	80
H005	80	200	骷髅刀斧手精英	200	6	80
H005	80	200	骷髅锤兵精英	200	6	80
H005	80	200	骷髅弓手精英	200	6	80
H005	195	240	黄泉教主	200	1	30
H005	195	240	黄泉教皇	200	1	30
H005	195	240	黄泉大教主	200	1	30
H005	195	240	骷髅小将军	200	1	30
H005	195	240	暗之黄泉教主	200	1	30

;━━━━━━━━━━━━━━━━━━━━━━━━━━━━━━━━ 
;地图名：幻境六层
H006    100  100    黑色恶蛆       100     30        5
H006    100  100    黑色恶蛆       100     30        5
H006    100  100    楔蛾           100     30        5
H006    100  100    楔蛾           100     30        5
H006    100  100    楔蛾           100     30        5
H006    100  100    蝎蛇           100     50        5
H006    100  100    白野猪         100      5        5
H006    100  100    白野猪         100      5        5
H006    100  100    白野猪         100      5        5
H006    100  100    白野猪         100      2       15
H006    100  100    白野猪         100      2       10
H006	100	100	白野猪精英	100	8	120
H006	100	100	白野猪		100	2	120
H006	100	100	猪妖     	100	2	120
H006	100	100	邪恶毒蛇	100	2	120
H006	100	100	邪恶毒蛇宝宝	100	2	100
H006	100	100	角蝇		100	10	10
H006	100	100	邪恶毒蛇王	100	1	120
H006	100	100	万恶龙   	100	1	120
H006	100	100	邪恶毒蛇	100	1	60
H006	100	100	邪恶毒蛇精英	100	2	120
H006	100	100	邪恶毒蛇	100	1	120
H006	100	100	红野猪精英	100	5	50
H006	100	100	红野猪宝宝     100	10	60
H006	100	100	红野猪	        100	5	50
H006	100	100	黑野猪精英	100	5	50
H006	100	100	黑野猪宝宝	100	10	60


;━━━━━━━━━━━━━━━━━━━━━━━━━━━━━━━━ 
;地图名：幻境七层
H007   100  100    祖玛弓箭手      100   20      10
H007   100  100    祖玛雕像        100   20      10
H007   100  100    祖玛卫士        100   20      10
H007   100  100    祖玛弓箭手      100   20      10
H007   100  100    祖玛雕像        100   20      10
H007   100  100    祖玛卫士        100   20      10
H007   100  100    祖玛弓箭手      100   20      10
H007   100  100    祖玛雕像        100   20      10
H007   100  100    祖玛卫士        100   20      10
H007   100  100    祖玛弓箭手      100   20      10
H007   100  100    祖玛雕像        100   20      10
H007   100  100    祖玛卫士        100   20      10
H007   100  100    祖玛弓箭手      100   20      10
H007   100  100    祖玛雕像        100   20      10
H007   100  100    祖玛卫士        100   20      10
H007   100  100    祖玛弓箭手      100   20      10
H007   100  100    祖玛雕像        100   20      10
H007   100  100    祖玛卫士        100   20      10
H007   100  100    祖玛弓箭手      100   20      10
H007   100  100    祖玛雕像        100   20      10
H007   100  100    祖玛卫士        100   20      10
H007   100  100    祖玛弓箭手      100   20      10
H007   100  100    祖玛雕像        100   20      10
H007   100  100    祖玛卫士        100   20      10
H007	100	100	祖玛弓手精英	100	10	80
H007	100	100	祖玛雕像精英	100	10	80
H007	100	100	祖玛卫士精英	100	10	80
H007	100     100	祖玛教主	100	1	120
H007	100	100	祖玛教皇	100	1	120


;地图名：幻境八层
H008   61    26    祖玛雕像     10       10      10
H008   61    26    祖玛雕像     10       10      10
H008   40    45    祖玛卫士     20       10      10
H008   40    45    祖玛卫士     20       10      10
H008   40    45    祖玛弓箭手   50       10      10
H008   40    45    祖玛弓手精英   50       20      60
H008   61    26    祖玛雕像     10       10      10
H008   61    26    祖玛雕像     10       10      10
H008   40    45    祖玛卫士     20       10      10
H008   40    45    祖玛卫士     20       10      10
H008   40    45    祖玛弓箭手   50       10      10
H008   40    45    祖玛弓箭手   50       10      10
H008   26    58    祖玛雕像     10       10      10
H008   26    58    祖玛雕像     10       10      10
H008   20    45    祖玛卫士     10        5      10
H008   20    45    祖玛卫士     10        10      10
H008   40    25    祖玛卫士     10        5       10
H008   40    25    祖玛卫士     10        10      10
H008   65    35    祖玛雕像     10        5       10
H008   65    35    祖玛雕像    10        10      10
H008   40    65    祖玛雕像     10        5       10
H008   40    65    祖玛雕像精英     50        20      60
H008   26    58    祖玛雕像     10       10      10
H008   26    58    祖玛雕像     10       10      10
H008   20    45    祖玛卫士     10        5      10
H008   20    45    祖玛卫士     10       5      10
H008   40    25    祖玛卫士     10        5       10
H008   40    25    祖玛卫士精英     50        20      60
H008   65    35    祖玛雕像     10        5       10
H008   65    35    祖玛雕像     10        5     10
H008   40    65    祖玛雕像     10        5       10
H008   40    65    祖玛雕像     10        5      10
H008	50	50	白野猪宝宝	50	6	120
H008	50	50	虹魔教主	50	1	120
H008	50	50	虹魔教主	50	1	120
H008	50	50	黑炎魔          50	1	120
H008	50	50	白野猪精英	50	8	120

;━━━━━━━━━━━━━━━━━━━━━━━━━━━━━━━━ 
;地图名：幻境九层
H009  128   91    月魔蜘蛛   200       20      10
H009  128   91    天狼蜘蛛   200       20       8
H009  128   91    钢牙蜘蛛   200       20      10
H009  128   91    花吻蜘蛛   200       20      10
H009  128   91    黑锷蜘蛛   200       20      12 
H009  242   152   月魔蜘蛛   150       20      10
H009  242   152   天狼蜘蛛   150       20       8
H009  242   152   钢牙蜘蛛   150       20      10
H009  242   152   花吻蜘蛛   150       20      10
H009  242   152   黑锷蜘蛛   150       25      12 
H009  66    208   月魔蜘蛛   150       20      10
H009  66    208   天狼蜘蛛   150       20       8
H009  66    208   钢牙蜘蛛   150       20      10
H009  66    208   花吻蜘蛛   150       20      10
H009  66    208   黑锷蜘蛛   150        5      12 
H009  128   91    血巨人     200        15      20
H009  128   91    血巨人     200        5      20
H009  128   91    血僵尸     200        15      20
H009  128   91    血僵尸     200        5      20
H009  128   91    月魔蜘蛛   200        5      10
H009  128   91    双头血魔   200        2      60
H009  128   91    双头金刚   200        2      60
H009  128   91    双头血魔精英   200        1      120
H009  128   91    双头金刚精英   200        1      120
H009	110	100	双头血魔宝宝	200	2	120
H009	110	100	双头金刚宝宝	200	2	120
H009	110	100	钢牙蜘蛛精英	200	6	100
H009	110	100	黑锷蜘蛛精英	200	6	100
H009	110	100	花吻蜘蛛精英	200	6	80
H009	110	100	血僵尸精英	200	6	100
H009	110	100	天狼蜘蛛精英	200	6	80
H009	110	100	花吻蜘蛛精英	200	6	100
H009	110	100	邪恶巨人精英	200	3	100
H009	110	100	邪恶巨人宝宝	200	3	120
H009	110	100	月魔蜘蛛宝宝	200	5	5
H009	110	100	血巨人宝宝	200	5	60
H009	110	100	赤月恶魔	200	1	120
H009	110	100	赤月恶魔统领	200	1	120
;━━━━━━━━━━━━━━━━━━━━━━━━━━━━━━━━ 
;地图名：幻境10层
H010	205	210	祖玛卫士精英		200	30	60
H010	205	210	祖玛雕像精英    	200	30	60
H010	205	210	祖玛弓手精英    	200	30	60
H010	205	210	牛魔将军精英		200	30	60
H010	205	210	牛魔祭司精英       	200	30	60
H010	205	210	牛魔法师精英    	200	30	60
H010	205	210	虹魔教主	        200	1	120
H010	205	210	黄泉教主	        200	1	120
H010	205	210	虹魔教主	        200	1	120
H010	205	210	黄泉教主	        200	1	120
H010	205	210	黄泉大教主		200	1	120
H010	205	210	骷髅小将军       	200	1	120
H010	205	210	牛妖	                200	1	120
H010	205	210	虫妖	                200	1	120
H010	205	210	猪妖	            	200	1	120
H010	205	210	祖玛教主               	200	1	120
H010	205	210	祖玛教皇	        200	1	120
H010	205	210	牛魔王教皇	        200	1	120
H010	205	210	阴沉牛魔王	        200	1	120
H010	205	210	独角牛兽		200	1	120
H010	205	210	暗之双头血魔	        200	1	120
H010	205	210	暗之双头金刚	        200	1	120
H010	205	210	暗之骷髅精灵           	200	1	120
H010	205	210	暗之黄泉教主	        200	1	120
H010	205	210	暗之虹魔教主	        200	1	120
H010	205	210	暗之沃玛教主	        200	1	120
H010	205	210	赤月恶魔统领	        200	1	120
H010	205	210	赤月恶魔	        200	1	120
H010	205	210	双头金刚	        200	1	120
H010	205	210	双头血魔	        200	1	120
H010	205	210	双头金刚精英	        200	1	120
H010	205	210	双头血魔精英	        200	1	120
H010	205	210	九指蜘蛛	        200	1	120
H010	205	210	血巨人精英	        200	10	60
H010	205	210	暴牙蜘蛛精英	        200	10	60
H010	205	210	血僵尸精英	        200	10	60
H010	205	210	钢牙蜘蛛精英	        200	10	60
H010	205	210	花吻蜘蛛精英	        200	10	60
H010	205	210	月魔蜘蛛精英	        200	10	60
H010	205	210	月魔蜘蛛	        200	60	10
H010	205	210	炼狱蛛王	        200	1	120
H010	205	210	炼狱骷髅王	        200	1	120
H010	205	210	炼狱魔蛋	        200	1	120
H010	205	210	炼狱小妖王	        200	1	120
H010	205	210    牛魔法师        200   100      10
H010	205	210    牛魔祭司        200   100      10
H010	205	210    牛魔将军        200   100      10



H201  100   100   僵尸1           100   15    8
H201  100   100   僵尸4           100   20    8
H201  100   100   僵尸5           100   10    10
H201  100   100   尸王           100   5    30
H201  100   100   尸王            100   5    30
H201  100   100   僵尸10          100   1     100
H201  100   100   僵尸40          100   1     100
H201  100   100   僵尸50          100   1     100
H201  100   100   僵尸1           100   15    8
H201  100   100   僵尸4           100   20    8
H201  100   100   僵尸5           100   10    10
H201  100   100   尸王           100   10    30
H201  100   100   尸王            100   5    30
H201  100   100   僵尸10          100   1     100
H201  100   100   僵尸40          100   1     100
H201  100   100   僵尸50          100   1     100
H201  100   100   恶灵尸王       75    30     20

H201  100   100	 恶灵僵尸精英	100	3	50
H201  100   100	 恶灵尸王精英	100	3	50
H201  100   100	 雷电僵尸	100	15	30
H201  100   100	 洞蛆精英	100	5	15
H201  100   100	 少林僵尸	100	15	30
;━━━━━━━━━━━━━━━━━━━━━━━━━━━━━━━━ 

;地图名：沙巴克影之道二层
H202  100   100  祖玛卫士         100   20    10
H202  100   100  祖玛卫士精英        100   5     30
H202  100   100  祖玛卫士精英        100   1     10
H202  100   100  祖玛弓箭手       100   30    30
H202  100   100  祖玛弓手精英      100   5     30
H202  100   100  祖玛雕像         100   15    10
H202  100   100  祖玛雕像精英        100   3     30
H202  100   100  楔蛾             100   20    5
H202  100   50   祖玛教主        140   1     140


H202  100   100  祖玛弓手精英        100   5    60
H202  100   100  祖玛雕像精英        100   5     60
H202  100   100  祖玛卫士精英        100   5    50

;━━━━━━━━━━━━━━━━━━━━━━━━━━━━━━━━ 

;地图名：沙巴克影之道三层
H203  100   100  祖玛卫士        100   5     8
H203  100   100  祖玛卫士        100   20    8
H203  100   100  祖玛卫士        100   3     8
H203  100   100  祖玛弓箭手      120   5     8
H203  100   100  祖玛雕像        100   10    8
H203  100   100  祖玛雕像        100   20    8
H203  100   100  楔蛾            100   20    8
H203  100   100  祖玛弓箭手      80   30    8
H203  100   50   祖玛教主         140   1     180

H202  100   100  祖玛弓手精英        100   5    60
H202  100   100  祖玛雕像精英        100   5     60
H202  100   100  祖玛卫士精英        100   5    50
H202  100   50   祖玛教皇            140   1     240

;━━━━━━━━━━━━━━━━━━━━━━━━━━━━━━━━ 

;地图名：沙巴克藏宝阁
H204  100 100   重装使者  	  20    1    60
H204  100 100   地藏魔王   	  50    1    60 
H204  100 50    祖玛教主   	  140   1    60
H204  100 100   沃玛教主   	  140   1    60
H204  100 100   沃玛教皇   	  140   1    60
H204  100 100   黄泉教主  	  100   1    60
H204  100 50    祖玛教皇   	  140   1    60
H204  100 100   黄泉教皇  	  100   1    60
H204  100 100   牛魔王  	  100   1    60
H204  100 100   牛魔王教皇  	  100   1    60
H204  100 100   暗之牛魔王  	  100   1    60
H204  100 100   虹魔教主  	  100   1    60
H204  100 100   虹魔猪卫   	  100   2    40
H204  100 100   虹魔蝎卫   	  100   2    35
H204  100 100   邪恶毒蛇   	  100   5    35
H204  100 100   邪恶毒蛇王   	  100   1    35
H204  100 100   白野猪     	  100   5    35
H204  100 100   白野猪精英     	  100   1    35
H204  100 100   沃玛卫士   	  100   6    40
H204  100 100   祖玛卫士   	  100   20   35
H204  100 100   祖玛雕像   	  100   10   35
H204  100 100   祖玛弓箭手       100   30   35
H204  100 100   楔蛾             100   20    8
H204  100 100   暗之沃玛教主      150   1   60
H204  100 100   暗之骷髅精灵      150   1   60
H204  100 100   暗之双头金刚      150   1   60
H204  100 100   暗之双头血魔      150   1   60
H204  100 100   暗之黄泉教主      150   1   60
H204  100 100   暗之虹魔教主      150   1   60
H204  100 100   暗之祖玛教主      150   1   60

H204  100 100   重装使者  	  20    1    120
H204  100 100   骷髅小将军   	  50    1    120 
H204  100 100   黄泉大教主   	  50    1    120 
H204  100 100   黑炎魔   	  50    1    120 
H204  100 100   牛妖      	  50    1    120 
H204  100 100   铁脊怪      	  50    1    120 
H204  100 50    祖玛教主   	  50   1    120
H204  100 100   沃玛教主   	  50   1    120
H204  100 100   黄泉教主  	  50   1    60
H204  100 100   虹魔教主  	  50   1    120
H204  100 100   虹魔猪卫   	  50   2    40
H204  100 100   虹魔蝎卫   	  50   2    35
H204  100 100   邪恶毒蛇   	  50   5    35
H204  100 100   白野猪     	  100   5    35
H204  100 100   白野猪宝宝     	  100   5    120
H204  100 100   沃玛卫士   	  100   6    40
H204  100 100   祖玛卫士   	  100   10   30
H204  100 100   祖玛雕像   	  100   10   30
H204  100 100   祖玛弓箭手       100   30   30
H204  100 100   楔蛾             100   20    8
H204  100 100   祖玛卫士精英   	  100   10   30
H204  100 100   祖玛雕像精英  	  100   10   30
H204  100 100   祖玛弓手精英      100   10   30
H204  100 100   暗之沃玛教主      100   1   120
H204  100 100   暗之骷髅精灵      100   1   120
H204  100 100   暗之双头金刚      100   1   120
H204  100 100   暗之双头血魔      100   1   120
H204  100 100   暗之黄泉教主      100   1   120
H204  100 100   暗之虹魔教主      100   1   120
H204  100 100   赤月恶魔统领      100   1   120
H204  100 100   火龙妖            100   1   360

H201  100   100   铁链尸王          100   2     120
H201  100   100   阴沉尸王          100   1     120
H201  100   100	 恶灵尸王精英	100	3	50
H201  100   100	 雷电僵尸	100	5	30
H201  100   100	 雷电僵尸	100	5	30
H201  100   100	 洞蛆精英	100	2	15
H201  100   100	 少林僵尸	100	10	30
H201  100   100	 少林僵尸	100	10	30
;━━━━━━━━━━━━━━━━━━━━━━━━━━━━━━━━ 

H202  100   100  祖玛弓手精英        100   13    60
H202  100   100  祖玛雕像精英        100   13    60
H202  100   100  祖玛卫士精英        100   13    60
H202  100   50   祖玛教主            140   1     120
;━━━━━━━━━━━━━━━━━━━━━━━━━━━━━━━━ 

H203  100   50   祖玛教主         140   1     120
H203  100   100  祖玛弓手精英        100   15    60
H203  100   100  祖玛雕像精英        100   15     60
H203  100   100  祖玛卫士精英        100   15    60
H203  100   100   祖玛教皇            140   1     120

H004   83   168    触龙神         0      1        30
H004   83   168    暗之触龙神     70     1        40 

H005 100 125 黄泉教主  100  1 120 

H006    100  100    白野猪         100      1        5
H006    100  100    白野猪         100      10        5
H006    100  100    白野猪         100      10        5
H006    100  100    白野猪         100      1       15
H006    100  100    白野猪         100      1       10
H006    100  100    邪恶毒蛇        100      1       20 
H006    81   27     石墓尸王       0        1       30

H007   101  94     祖玛教主         1     1       120

T2061   19   24    电僵王     5     1      10
T2061   19   24    楔蛾     5     1      10
T2061   19   24    重装使者  5     1      180

T2062   19   24    电僵王     5     1      10
T2062   19   24    楔蛾     5     1      10
T2062   19   24    重装使者  5     1      180

T2063   19   24    电僵王     5     1      10
T2063   19   24    楔蛾     5     1      10
T2063   19   24    重装使者  5     1      180

T3061   19   24    电僵王     5     1      10
T3061   19   24    楔蛾     5     1      10
T3061   19   24    重装使者  5     1      180

T3062   19   24    电僵王     5     1      10
T3062   19   24    楔蛾     5     1      10
T3062   19   24    重装使者  5     1      180

T3063   19   24    电僵王     5     1      10
T3063   19   24    楔蛾     5     1      10
T3063   19   24    重装使者  5     1      180

T1061   19   24    电僵王     5     1      10
T1061   19   24    楔蛾     5     1      10
T1061   19   24    重装使者  5     1      180

H008   40    45    虹魔猪卫     30        2      10
H008   25    29    虹魔教主     10        1      30 
H008   40    45    虹魔猪卫     30        2      10
H008   25    29    虹魔教主     10        1      30 
H008   40    45    虹魔蝎卫     30        2      10
H008   40    45    虹魔蝎卫     30        2      10


H009  128   91    双头血魔   200        2      30
H009  128   91    双头金刚   200        2      30
H009  128   91    双头血魔   2        2      30
H009  128   91    双头金刚   2        2      30

H010 326 327 赤月恶魔     0   1 30
H010 326 327 赤月恶魔     0   1 30
H010 368 34  黄泉教主   0   1 30
H010 53  56  暗之牛魔王     0   1 30
H010 53  56  牛魔王     0   1 30
H010 26  372 虹魔教主   0   1 30 
H010 94  361 祖玛教主   0   1 30 
H010 252 258 魔龙教主   0   1 30 
}
