[@森林迷宫]
{
;X┄┄[
;┆赤月┆
;^┄┄a

D10011	262	342	月魔蜘蛛	150	20	10
D10011	262	342	月魔蜘蛛宝宝	150	10	80
D10011	262	342	天狼蜘蛛	150	20	8
D10011	262	342	钢牙蜘蛛	150	10	10
D10011	262	342	花吻蜘蛛	150	10	10
D10011	262	342	暴牙蜘蛛	150	20	10
D10011	165	323	月魔蜘蛛	100	20	10
D10011	165	323	月魔蜘蛛宝宝	100	10	80
D10011	165	323	天狼蜘蛛	100	10	8
D10011	165	323	天狼蜘蛛宝宝	100	10	80
D10011	165	323	钢牙蜘蛛	100	5	10
D10011	165	323	花吻蜘蛛	100	5	10
D10011	165	323	暴牙蜘蛛	100	10	10
D10011	135	69	月魔蜘蛛	100	15	10
D10011	135	69	月魔蜘蛛宝宝	100	10	80
D10011	135	69	天狼蜘蛛	100	10	8
D10011	135    69	天狼蜘蛛宝宝	100	10	80
D10011	135	69	钢牙蜘蛛	100	5	10
D10011	135	16	花吻蜘蛛	100	5	10
D10011	135	69	暴牙蜘蛛	100	10	10
D10011	40	151	月魔蜘蛛	200	50	10
D10011	40	151	月魔蜘蛛宝宝	100	10	80
D10011	40	151	天狼蜘蛛	200	30	8
D10011	40	151    天狼蜘蛛宝宝	200	10	80
D10011	40	151	钢牙蜘蛛	200	20	10
D10011	40	151	花吻蜘蛛	200	20	10
D10011	40	151	暴牙蜘蛛	200	30	10
D10011	223	106	月魔蜘蛛	150	25	10
D10011	40	151	月魔蜘蛛宝宝	100	10	80
D10011	223	106	天狼蜘蛛	150	15	8
D10011	223	106    天狼蜘蛛宝宝	100	10	80
D10011	223	106	钢牙蜘蛛	150	10	10
D10011	223	106	花吻蜘蛛	150	10	10
D10011	223	106	暴牙蜘蛛	150	15	10
D10011	223	106	天狼蜘蛛	200	5	10
D10011	223	106	钢牙蜘蛛	200	5	10
D10011	223	106	花吻蜘蛛	200	5	10
D10011	223	106	月魔蜘蛛	200	5	10
D10011	223	106	月魔蜘蛛宝宝	100	10	80
D10011	223	106	暴牙蜘蛛	200	5	10

D10011	100	60	天狼蜘蛛	200	4	80
D10011	100	60	暴牙蜘蛛精英	200	2	10
D10011	100	60	钢牙蜘蛛	200	5	10
D10011	290	160	幻影蜘蛛	200	4	80
D10011	290	160	钢牙蜘蛛精英	200	2	10
D10011	290	160	黑锷蜘蛛精英	200	2	10
D10011	50	300	花吻蜘蛛精英	200	2	10
D10011	50	300	钢牙蜘蛛	200	10	100
D10011	50	300	天狼蜘蛛	200	10	100
D10011	80	220	天狼蜘蛛精英	200	2	10
D10011	80	220    天狼蜘蛛宝宝	200	5	80
D10011	80	220	钢牙蜘蛛	200	5	100
D10011	80	220	花吻蜘蛛精英	200	2	10
D10011	160	210	天狼蜘蛛	200	8	80
D10011	160	210	暴牙蜘蛛	200	5	100
D10011	160	210	黑锷蜘蛛精英	200	2	10
D10011	190	330	天狼蜘蛛	200	8	80
D10011	190	330	钢牙蜘蛛精英	200	2	10
D10011	190	330	月魔蜘蛛精英	200	1	10
D10011	190	330	月魔蜘蛛宝宝	100	10	80
D10011	190	330	血巨人精英	200	2	100
D10011	190	330	血巨人宝宝	200	5	100
D10011	190	330	双头血魔精英	200	1	30
D10011	190	330	双头血魔宝宝	200	2	30
D10011	190	330	双头金刚精英	200	1	30
D10011	190	330	双头金刚宝宝	200	2	30

D10012	134	172	月魔蜘蛛	200	60	10
D10012	134	172	月魔蜘蛛宝宝	100	10	80
D10012	134	172	天狼蜘蛛	200	45	8
D10012	134	172    天狼蜘蛛宝宝	200	10	80
D10012	134	172	钢牙蜘蛛	200	30	10
D10012	134	172	花吻蜘蛛	200	30	10
D10012	134	172	暴牙蜘蛛	200	45	10
D10012	74	236	月魔蜘蛛	100	25	10
D10012 74	236	月魔蜘蛛宝宝	100	10	80
D10012	74	236	天狼蜘蛛	100	15	8
D10012	74	236    天狼蜘蛛宝宝	100	10	80
D10012	74	236	钢牙蜘蛛	100	10	10
D10012	74	236	花吻蜘蛛	100	10	10
D10012	74	236	暴牙蜘蛛	100	15	10
D10012	206	89	月魔蜘蛛	100	30	10
D10012 206	89	月魔蜘蛛宝宝	100	10	80
D10012	206	89	天狼蜘蛛	100	20	8
D10012	206	89    天狼蜘蛛宝宝	100	10	80
D10012	206	89	钢牙蜘蛛	100	10	10
D10012	206	89	花吻蜘蛛	100	10	10
D10012	206	89	暴牙蜘蛛	100	20	10
D10012	134	172	天狼蜘蛛	200	5	10
D10012	134	172    天狼蜘蛛宝宝	100	10	80
D10012	134	172	钢牙蜘蛛	200	5	10
D10012	134	172	花吻蜘蛛	200	5	10
D10012	134	172	月魔蜘蛛	200	5	10
D10012 134	172	月魔蜘蛛宝宝	100	10	80
D10012	134	172	暴牙蜘蛛	200	5	10

D10012	190	330	月魔蜘蛛精英	200	3	10
D10012 190	330	月魔蜘蛛宝宝	100	10	80
D10012	190	330	血巨人精英	200	3	10
D10012	190	330	血巨人宝宝	200	5	100
D10012	190	330	双头金刚精英	200	3	30
D10012	190	330	双头金刚宝宝	200	2	30
D10012	190	330	双头血魔精英	200	3	30
D10012	190	330	双头血魔宝宝	200	2	30


D10012	100	60	天狼蜘蛛	200	8	80
D10012	100	60    天狼蜘蛛宝宝	200	10	80
D10012	100	60	暴牙蜘蛛精英	200	3	10
D10012	100	60	钢牙蜘蛛	200	10	100
D10012	290	160	幻影蜘蛛	200	8	80
D10012	290	160	钢牙蜘蛛精英	200	3	10
D10012	290	160	黑锷蜘蛛精英	200	3	10
D10012	50	300	花吻蜘蛛精英	200	3	10
D10012	50	300	钢牙蜘蛛	200	10	100
D10012	50	300	天狼蜘蛛	200	10	100
D10012	50	300   天狼蜘蛛宝宝	200	10	80
D10012	80	220	天狼蜘蛛精英	200	8	10
D10012	80	220	钢牙蜘蛛	200	10	100
D10012	80	220	花吻蜘蛛精英	200	3	10
D10012	160	210	天狼蜘蛛	200	8	80
D10012	160	210   天狼蜘蛛宝宝	200	10	80
D10012	160	210	暴牙蜘蛛	200	5	100
D10012	160	210	黑锷蜘蛛精英	200	3	10
D10012	190	330	天狼蜘蛛	200	8	80
D10012	190	330	钢牙蜘蛛精英	200	3	10

D10013	140	175	月魔蜘蛛	200	80	10
D10013	140	175	月魔蜘蛛宝宝	100	10	80
D10013	140	175	天狼蜘蛛	200	45	8
D10013	140	175  天狼蜘蛛宝宝	200	10	80
D10013	140	175	钢牙蜘蛛	200	30	10
D10013	140	175	花吻蜘蛛	200	30	10
D10013	140	175	暴牙蜘蛛	200	45	10
D10013	134	146	月魔蜘蛛	100	25	10
D10013	134	146	月魔蜘蛛宝宝	100	10	80
D10013	134	146	天狼蜘蛛	100	15	8
D10013	134	146  天狼蜘蛛宝宝	200	10	80
D10013	134	146	钢牙蜘蛛	100	10	10
D10013	134	146	花吻蜘蛛	100	10	10
D10013	134	146	暴牙蜘蛛	100	15	10
D10013	213	215	月魔蜘蛛	100	30	10
D10013	213	215	月魔蜘蛛宝宝	100	10	80
D10013	213	215	天狼蜘蛛	100	20	8
D10013	213	215  天狼蜘蛛宝宝	100	10	80
D10013	213	215	钢牙蜘蛛	100	10	10
D10013	213	215	花吻蜘蛛	100	10	10
D10013	213	215	暴牙蜘蛛	100	20	10
D10013	140	175	天狼蜘蛛	200	5	10
D10013	140	175	钢牙蜘蛛	200	5	10
D10013	140	175	花吻蜘蛛	200	5	10
D10013	140	175	月魔蜘蛛	200	5	10
D10013	140	175	月魔蜘蛛宝宝	100	10	80
D10013	140	175	暴牙蜘蛛	200	5	10
D10013	100	60	天狼蜘蛛	200	8	80
D10013	100	60     天狼蜘蛛宝宝	100	10	80
D10013	100	60	暴牙蜘蛛精英	200	1	10
D10013	100	60	钢牙蜘蛛	200	10	100
D10013	290	160	幻影蜘蛛	200	8	80
D10013	290	160	钢牙蜘蛛精英	200	3	10
D10013	290	160	黑锷蜘蛛精英	200	3	10
D10013	50	300	花吻蜘蛛精英	200	3	10
D10013	50	300	钢牙蜘蛛	200	10	100
D10013	50	300	天狼蜘蛛	200	10	100
D10013	80	220	天狼蜘蛛精英	200	3	10
D10013	80	220    天狼蜘蛛宝宝	200	10	80
D10013	80	220	钢牙蜘蛛	200	10	100
D10013	80	220	花吻蜘蛛精英	200	3	10
D10013	160	210	天狼蜘蛛	200	8	80
D10013	160	210    天狼蜘蛛宝宝	200	10	80
D10013	160	210	暴牙蜘蛛	200	5	100
D10013	160	210	黑锷蜘蛛精英	200	3	10
D10013	190	330	天狼蜘蛛	200	8	80
D10013	190	330	钢牙蜘蛛精英	200	3	10
D10013	190	330	月魔蜘蛛精英	200	3	10
D10013	190	330	月魔蜘蛛宝宝	100	10	80
D10013	190	330	血巨人精英	200	1	10
D10013	190	330	血巨人宝宝	200	5	100
D10013	190	330	双头金刚精英	200	1	30
D10013	190	330	双头金刚宝宝	200	2	30
D10013	190	330	双头血魔精英	200	1	30
D10013	190	330	双头血魔宝宝	200	2	30


D1002	161	161	月魔蜘蛛	200	80	10
D1002	161	161	月魔蜘蛛宝宝	200	10	80
D1002	161	161	天狼蜘蛛	200	60	8
D1002	161	161    天狼蜘蛛宝宝	200	10	80
D1002	161	161	钢牙蜘蛛	200	30	10
D1002	161	161	花吻蜘蛛	200	30	10
D1002	161	161	黑锷蜘蛛	200	15	12
D1002	161	161	暴牙蜘蛛	200	50	10
D1002	125	165	月魔蜘蛛	150	30	10
D1002	125	165	月魔蜘蛛宝宝	150	10	80
D1002	125	165	天狼蜘蛛	150	25	8
D1002	125	165    天狼蜘蛛宝宝	150	10	80
D1002	125	165	钢牙蜘蛛	150	10	10
D1002	125	165	花吻蜘蛛	150	20	10
D1002	125	165	黑锷蜘蛛	150	5	12
D1002	125	165	暴牙蜘蛛	150	25	10
D1002	241	100	月魔蜘蛛	150	30	10
D1002	241	100	月魔蜘蛛宝宝	150	10	80
D1002	241	100	天狼蜘蛛	150	25	8
D1002	241	100	钢牙蜘蛛	150	10	10
D1002	241	100	花吻蜘蛛	150	20	10
D1002	241	100	黑锷蜘蛛	150	5	12
D1002	241	100	暴牙蜘蛛	150	25	10
D1002	133	58	月魔蜘蛛	150	30	10
D1002	133	58	月魔蜘蛛宝宝	150	10	80
D1002	133	58	天狼蜘蛛	150	25	8
D1002	133	58   天狼蜘蛛宝宝	150	10	80
D1002	133	58	钢牙蜘蛛	150	10	10
D1002	133	58	花吻蜘蛛	150	20	10
D1002	133	58	黑锷蜘蛛	150	5	12
D1002	133	58	暴牙蜘蛛	150	25	10
D1002	166	227	月魔蜘蛛	150	30	10
D1002	166	227	月魔蜘蛛宝宝	150	10	80
D1002	166	227	天狼蜘蛛	150	25	8
D1002	166	227   天狼蜘蛛宝宝	150	10	80
D1002	166	227	钢牙蜘蛛	150	10	10
D1002	166	227	花吻蜘蛛	150	20	10
D1002	166	227	黑锷蜘蛛	150	5	12
D1002	166	227	暴牙蜘蛛	150	25	10
D1002	161	161	天狼蜘蛛	200	5	15
D1002	161	161	钢牙蜘蛛	200	5	15
D1002	161	161	花吻蜘蛛	200	5	15
D1002	161	161	黑锷蜘蛛	200	5	15
D1002	161	161	月魔蜘蛛	200	5	15
D1002	161	161	月魔蜘蛛宝宝	200	10	80
D1002	161	161	暴牙蜘蛛	200	5	15
D1002	161	161	幻影蜘蛛	200	2	30
D1002	190	330	月魔蜘蛛精英	200	1	10
D1002	190	330	月魔蜘蛛宝宝	200	10	80
D1002	190	330	血巨人精英	200	1	10
D1002	190	330	血巨人宝宝	200	5	100
D1002	190	330	双头金刚精英	200	1	30
D1002  190	330	双头金刚宝宝	200	2	30
D1002	190	330	双头血魔精英	200	1	30
D1002  190	330	双头血魔宝宝	200	2	30

D1002	100	60	天狼蜘蛛	200	8	80
D1002	100	60	暴牙蜘蛛精英	200	3	10
D1002	100	60	钢牙蜘蛛	200	10	100
D1002	290	160	幻影蜘蛛	200	8	80
D1002	290	160	钢牙蜘蛛精英	200	3	10
D1002	290	160	黑锷蜘蛛精英	200	3	10
D1002	50	300	花吻蜘蛛精英	200	3	10
D1002	50	300	钢牙蜘蛛	200	10	100
D1002	50	300	天狼蜘蛛	200	10	100
D1002	80	220	天狼蜘蛛精英	200	3	10
D1002	80	220	钢牙蜘蛛	200	10	100
D1002	80	220	花吻蜘蛛精英	200	3	10
D1002	160	210	天狼蜘蛛	200	8	80
D1002	160	210	暴牙蜘蛛	200	5	100
D1002	160	210	黑锷蜘蛛精英	200	1	10
D1002	190	330	天狼蜘蛛	200	8	80
D1002	190	330	钢牙蜘蛛精英	200	1	10


D10031	190	330	月魔蜘蛛精英	200	3	10
D10031 190	330	月魔蜘蛛宝宝	200	10	80
D10031	190	330	血巨人精英	200	3	10
D10031	190	330	血巨人宝宝	200	5	100
D10031	190	330	双头金刚精英	200	1	30
D10031	190	330	双头金刚宝宝	200	2	30
D10031	190	330	双头血魔精英	200	1	30
D10031	190	330	双头血魔宝宝	200	2	30

D10031	128	91	月魔蜘蛛	200	80	10
D10031 128	91	月魔蜘蛛宝宝	200	10	80
D10031	128	91	天狼蜘蛛	200	50	8
D10031	128	91   天狼蜘蛛宝宝	200	10	80
D10031	128	91	钢牙蜘蛛	200	40	10
D10031	128	91	花吻蜘蛛	200	40	10
D10031	128	91	黑锷蜘蛛	200	10	12
D10031	128	91	暴牙蜘蛛	200	40	10
D10031	242	152	月魔蜘蛛	150	30	10
D10031 242	152	月魔蜘蛛宝宝	150	10	80
D10031	242	152	天狼蜘蛛	150	30	8
D10031	242	152	 天狼蜘蛛宝宝	150	10	80
D10031	242	152	钢牙蜘蛛	150	20	10
D10031	242	152	花吻蜘蛛	150	20	10
D10031	242	152	黑锷蜘蛛	150	5	12
D10031	242	152	暴牙蜘蛛	150	20	10
D10031	66	208	月魔蜘蛛	150	30	10
D10031 66	208	月魔蜘蛛宝宝	150	10	80
D10031	66	208	天狼蜘蛛	150	30	8
D10031	66	208	 天狼蜘蛛宝宝	150	10	80
D10031	66	208	钢牙蜘蛛	150	20	10
D10031	66	208	花吻蜘蛛	150	20	10
D10031	66	208	黑锷蜘蛛	150	5	12
D10031	66	208	暴牙蜘蛛	150	20	10
D10031	128	91	天狼蜘蛛	200	5	10
D10031	128	91	钢牙蜘蛛	200	5	10
D10031	128	91	花吻蜘蛛	200	5	10
D10031	128	91	黑锷蜘蛛	200	5	15
D10031	128	91	月魔蜘蛛	200	5	10
D10031	128	91	月魔蜘蛛宝宝	200	10	80
D10031	128	91	暴牙蜘蛛	200	5	10
D10031	128	91	幻影蜘蛛	200	2	30



D10031	100	60	天狼蜘蛛	200	4	80
D10031	100	60	暴牙蜘蛛精英	200	3	10
D10031	100	60	钢牙蜘蛛	200	10	100
D10031	290	160	幻影蜘蛛	200	4	80
D10031	290	160	钢牙蜘蛛精英	200	3	10
D10031	290	160	黑锷蜘蛛精英	200	3	10
D10031	50	300	花吻蜘蛛精英	200	3	10
D10031	50	300	钢牙蜘蛛	200	10	100
D10031	50	300	天狼蜘蛛	200	10	100
D10031	80	220	天狼蜘蛛精英	200	3	10
D10031	80	220	钢牙蜘蛛	200	10	100
D10031	80	220	花吻蜘蛛精英	200	3	10
D10031	160	210	天狼蜘蛛	200	8	80
D10031	160	210	暴牙蜘蛛	200	5	100
D10031	160	210	黑锷蜘蛛精英	200	3	10
D10031	190	330	天狼蜘蛛	200	4	80
D10031	190	330	 天狼蜘蛛宝宝	200	10	80
D10031	190	330	钢牙蜘蛛精英	200	1	10

D10032	155	93	月魔蜘蛛	200	80	10
D10032	155	93	月魔蜘蛛宝宝	150	10	80
D10032	155	93	天狼蜘蛛	200	50	8
D10032	155	93	天狼蜘蛛宝宝	200	10	80
D10032	155	93	钢牙蜘蛛	200	40	10
D10032	155	93	花吻蜘蛛	200	40	10
D10032	155	93	黑锷蜘蛛	200	10	12
D10032	155	93	暴牙蜘蛛	200	40	10
D10032	227	208	月魔蜘蛛	150	30	10
D10032	227	208	月魔蜘蛛宝宝	150	10	80
D10032	227	208	天狼蜘蛛	150	30	8
D10032	227	208	天狼蜘蛛宝宝	150	10	80
D10032	227	208	钢牙蜘蛛	150	20	10
D10032	227	208	花吻蜘蛛	150	20	10
D10032	227	208	黑锷蜘蛛	150	5	12
D10032	227	208	暴牙蜘蛛	150	20	10
D10032	107	228	月魔蜘蛛	150	30	10
D10032	107	228	月魔蜘蛛宝宝	150	10	80
D10032	107	228	天狼蜘蛛	150	30	8
D10032	107	228	天狼蜘蛛宝宝	150	10	80
D10032	107	228	钢牙蜘蛛	150	20	10
D10032	107	228	花吻蜘蛛	150	20	10
D10032	107	228	黑锷蜘蛛	150	5	12
D10032	107	228	暴牙蜘蛛	150	20	10
D10032	155	93	天狼蜘蛛	200	5	10
D10032	155	93	钢牙蜘蛛	200	5	10
D10032	155	93	花吻蜘蛛	200	5	10
D10032	155	93	黑锷蜘蛛	200	5	15
D10032	155	93	月魔蜘蛛	200	5	10
D10032	155	93     月魔蜘蛛宝宝	200	10	80
D10032	155	93	暴牙蜘蛛	200	5	10
D10032	155	93	幻影蜘蛛	200	2	30



D10032	190	330	月魔蜘蛛精英	200	3	10
D10032	190	330	 月魔蜘蛛宝宝	200	10	80
D10032	190	330	血巨人精英	200	3	10
D10032	190	330	血巨人宝宝	200	5	100
D10032	190	330	双头金刚精英	200	1	30
D10032	190	330	双头血魔精英	200	1	30
D10032	100	60	天狼蜘蛛	200	8	80
D10032	100	60	暴牙蜘蛛精英	200	3	10
D10032	100	60	钢牙蜘蛛	200	4	100
D10032	290	160	幻影蜘蛛	200	4	80
D10032	290	160	钢牙蜘蛛精英	200	3	10
D10032	290	160	黑锷蜘蛛精英	200	3	10
D10032	50	300	花吻蜘蛛精英	200	3	10
D10032	50	300	钢牙蜘蛛	200	10	100
D10032	50	300	天狼蜘蛛	200	10	100
D10032	80	220	天狼蜘蛛精英	200	3	10
D10032	80	220	天狼蜘蛛宝宝	200	4	80
D10032	80	220	钢牙蜘蛛	200	4	100
D10032	80	220	花吻蜘蛛精英	200	3	10
D10032	160	210	天狼蜘蛛	200	4	80
D10032	160	210	暴牙蜘蛛	200	5	100
D10032	160	210	黑锷蜘蛛精英	200	1	10
D10032	190	330	天狼蜘蛛	200	8	80
D10032	190	330	天狼蜘蛛宝宝	200	10	80
D10032	190	330	钢牙蜘蛛精英	200	1	10

D1004	156	159	 月魔蜘蛛宝宝	200	10	80
D1004	156	159     天狼蜘蛛	200	50	8
D1004	156	159	钢牙蜘蛛	200	50	10
D1004	156	159	花吻蜘蛛	200	50	10
D1004	156	159	黑锷蜘蛛	200	30	12
D1004	156	159	暴牙蜘蛛	200	50	10
D1004	156	159	血巨人		200	20	12
D1004	156	159	血巨人宝宝	200	5	100
D1004	156	159	血僵尸		200	10	12
D1004	74	172	月魔蜘蛛	150	30	10
D1004	74	172	 月魔蜘蛛宝宝	200	10	80
D1004	74	172	天狼蜘蛛	150	30	8
D1004	74	172	天狼蜘蛛宝宝	150	10	80
D1004	74	172	钢牙蜘蛛	150	20	10
D1004	74	172	花吻蜘蛛	150	30	10
D1004	74	172	暴牙蜘蛛	150	20	10
D1004	74	172	黑锷蜘蛛	150	20	12
D1004	74	172	血巨人		150	5	12
D1004	74	172	血巨人宝宝	200	5	100
D1004	240	100	月魔蜘蛛	150	30	10
D1004	240	100	 月魔蜘蛛宝宝	200	10	80
D1004	240	100	天狼蜘蛛	150	30	8
D1004	240	100	天狼蜘蛛宝宝	150	10	80
D1004	240	100	钢牙蜘蛛	150	20	10
D1004	240	100	暴牙蜘蛛	150	20	10
D1004	240	100	花吻蜘蛛	150	30	10
D1004	240	100	黑锷蜘蛛	150	20	12
D1004	240	100	血巨人		150	5	12
D1004	240	100	血巨人宝宝	200	5	100
D1004	240	100	血僵尸		150	5	12
D1004	156	159	月魔蜘蛛	200	5	10
D1004	156	159	 月魔蜘蛛宝宝	200	10	80
D1004	156	159	天狼蜘蛛	200	5	10
D1004	156	159	钢牙蜘蛛	200	5	10
D1004	156	159	暴牙蜘蛛	200	5	10
D1004	156	159	花吻蜘蛛	200	5	10
D1004	156	159	黑锷蜘蛛	200	5	15
D1004	156	159	血巨人		200	5	15
D1004	156	159	血僵尸		200	5	15
D1004	156	159	幻影蜘蛛	200	4	30

D1004	100	60	血巨人精英	200	3	10
D1004	100	60	血巨人宝宝	200	5	10
D1004	100	60	暴牙蜘蛛精英	200	3	10
D1004	100	60	血僵尸精英	200	1	10
D1004	290	160	血巨人		200	6	10
D1004	290	160	钢牙蜘蛛精英	200	3	10
D1004	290	160	黑锷蜘蛛精英	200	3	10
D1004	50	300	花吻蜘蛛精英	200	3	10
D1004	80	220	邪恶巨人 	200	5	10
D1004	80	220	邪恶巨人 	200	5	10
D1004	80	220	邪恶巨人精英	200	3	10
D1004	80	220	邪恶巨人宝宝	200	3	10
D1004	50	300	血僵尸精英	200	10	10
D1004	80	220	天狼蜘蛛精英	200	3	10
D1004	80	220	天狼蜘蛛宝宝	200	10	10
D1004	80	220	花吻蜘蛛精英	200	3	10
D1004	160	210	血巨人精英	200	3	10
D1004	160	210	血巨人宝宝	200	5	10
D1004	160	210	血僵尸  	200	2	10
D1004	160	210	黑锷蜘蛛精英	200	1	10
D1004	190	330	钢牙蜘蛛精英	200	1	10



D10051	190	330	月魔蜘蛛精英	200	1	10
D10051	190	330	月魔蜘蛛宝宝	200	10	8
D10051	190	330	血巨人精英	200	1	10
D10051	160	210	血巨人宝宝	200	5	10
D10051	190	330	双头血魔精英	200	1	30
D10051	190	330	双头血魔宝宝	200	2	30
D10051	190	330	双头金刚精英	200	1	30
D10051	190	330	双头金刚宝宝	200	2	30
D10051	110	100	月魔蜘蛛	200	40	9
D10051	110	100	月魔蜘蛛宝宝	200	10	80
D10051	110	100	天狼蜘蛛	200	60	8
D10051	110	100	天狼蜘蛛宝宝	200	10	80
D10051	110	100	钢牙蜘蛛	200	40	9
D10051	110	100	暴牙蜘蛛	200	60	9
D10051	110	100	花吻蜘蛛	200	60	9
D10051	110	100	黑锷蜘蛛	200	40	10
D10051	110	100	血巨人		200	20	10
D10051	110	100	血巨人宝宝	200	5	100
D10051	110	100	血僵尸		200	20	10
D10051	110	100	月魔蜘蛛	120	5	10
D10051	110	100	天狼蜘蛛	120	5	10
D10051	110	100	钢牙蜘蛛	120	5	10
D10051	110	100	暴牙蜘蛛	120	5	10
D10051	110	100	花吻蜘蛛	120	5	10
D10051	110	100	黑锷蜘蛛	120	5	15
D10051	110	100	血巨人		120	5	15
D10051	110	100	血僵尸		120	5	15
D10051	110	100	幻影蜘蛛	120	2	30


D10051	100	60	血巨人精英	200	2	8
D10051	100	60	血巨人宝宝	200	5	10
D10051	100	60	暴牙蜘蛛精英	200	3	10
D10051	100	60	血僵尸精英	200	3	10
D10051	290	160	血巨人	200	4	8
D10051 290	160	血巨人宝宝	200	5	10
D10051	290	160	钢牙蜘蛛精英	200	3	10
D10051	290	160	黑锷蜘蛛精英	200	3	10
D10052	80	220	邪恶巨人 	200	5	10
D10052	80	220	邪恶巨人 	200	5	10
D10052	80	220	邪恶巨人精英	200	3	10
D10052	80	220	邪恶巨人宝宝	200	2	10
D10051	50	300	花吻蜘蛛精英	200	1	8
D10051	50	300	血僵尸精英	200	15	10
D10051	80	220	天狼蜘蛛精英	200	1	8
D10051	80	220	天狼蜘蛛宝宝	200	10	8
D10051	80	220	花吻蜘蛛精英	200	1	10
D10051	160	210	血巨人精英	200	3	8
D10051 160	210	血巨人宝宝	200	5	10
D10051	160	210	血僵尸  	200	5	10
D10051	160	210	黑锷蜘蛛精英	200	3	10
D10051	190	330	钢牙蜘蛛精英	200	8	10


D10052	110	100	月魔蜘蛛	200	50	9
D10052	110	100	月魔蜘蛛宝宝	200	10	8
D10052	110	100	天狼蜘蛛	200	50	8
D10052	110	100	钢牙蜘蛛	200	50	9
D10052	110	100	暴牙蜘蛛	200	50	9
D10052	110	100	花吻蜘蛛	200	50	9
D10052	110	100	黑锷蜘蛛	200	50	10
D10052	110	100	血僵尸		120	20	10
D10052	110	100	血巨人		120	20	10
D10052	110	100	血巨人宝宝	200	5	10
D10052	110	100	月魔蜘蛛	120	5	10
D10052	110	100	天狼蜘蛛	120	5	10
D10052	110	100	钢牙蜘蛛	120	5	10
D10052	110	100	暴牙蜘蛛	120	5	10
D10052	110	100	花吻蜘蛛	120	5	10
D10052	110	100	黑锷蜘蛛	120	5	15
D10052	110	100	血巨人		120	5	15
D10052	110	100	血僵尸		120	5	15
D10052	110	100	幻影蜘蛛	120	2	3
D10052	110	100	双头血魔宝宝	200	2	15
D10052	110	100	双头金刚宝宝	200	2	16


D10052	100	60	血巨人精英	200	3	8
D10052	100	60     血巨人宝宝	200	5	10
D10052	100	60	暴牙蜘蛛精英	200	3	10
D10052	100	60	血僵尸精英	200	10	10
D10052	290	160	血巨人	200	4	8
D10052	290	160	血巨人宝宝	200	5	10
D10052	290	160	钢牙蜘蛛精英	200	3	10
D10052	290	160	黑锷蜘蛛精英	200	3	10
D10052	50	300	花吻蜘蛛精英	200	3	8
D10052	50	300	血僵尸精英	200	1	10
D10052	80	220	天狼蜘蛛精英	200	3	8
D10052	80	220	花吻蜘蛛精英	200	3	10
D10052	80	220	邪恶巨人 	200	10	10
D10052	80	220	邪恶巨人 	200	10	10
D10052	80	220	邪恶巨人精英	200	3	10
D10052	80	220	邪恶巨人宝宝	200	2	14
D10052	160	210	血巨人精英	200	8	8
D10052	160	210    血巨人宝宝	200	5	10
D10052	160	210	血僵尸  	200	5	10
D10052	160	210	黑锷蜘蛛精英	200	4	10
D10052	190	330	钢牙蜘蛛精英	200	6	10
D10052	190	330	双头血魔宝宝	200	2	15
D10052	190	330	双头金刚宝宝	200	2	16


D10061	15	18	月魔蜘蛛	12	2	6
D10061	13	18	月魔蜘蛛宝宝	12	2	5
D10061	13	18	月魔蜘蛛	12	2	5
D10061	13	18	钢牙蜘蛛	12	2	5
D10061	13	18	暴牙蜘蛛	12	2	5
D10061	15	21	黑锷蜘蛛	12	2	6
D10061	16	19	血巨人		12	5	6
D10061	16	19	血僵尸		12	4	5
D10061	15	18	双头血魔	12	1	30
D10061	15	18	双头金刚	12	1	30
D10061	15	18	双头血魔宝宝	12	2	15
D10061	15	18	双头金刚宝宝	12	2	16
D10061	15	18	月魔蜘蛛	12	3	3
D10061	15	18	血巨人		12	3	6
D10061	15	18	血僵尸		12	3	6
D10061	15	18	黑锷蜘蛛	12	3	6
D10061	15	18	暴牙蜘蛛	12	3	6


D10061	15	18	血巨人精英	12	3	8
D10061	15	18	暴牙蜘蛛精英	12	3	10
D10061	15	18	血僵尸精英	12	3	10
D10061	15	18	钢牙蜘蛛精英	12	1	10
D10061	15	18	花吻蜘蛛精英	12	1	8
D10061	8	22	邪恶巨人 	200	5	10
D10061	8	22	邪恶巨人 	200	5	10
D10061	8	22	邪恶巨人精英	200	1	10
D10061	8	22	邪恶巨人宝宝	200	2	14
D10061	15	18	血僵尸精英	12	1	10
D10061	15	18	血巨人精英	12	1	8
D10061	15	18	血僵尸  	12	1	10


D10062	23	18	赤月恶魔	0	1	30
D10062	17	19	月魔蜘蛛	14	2	5
D10062	17	19	月魔蜘蛛	14	2	4
D10062	15	19	花吻蜘蛛	14	2	5
D10062	15	19	钢牙蜘蛛	14	2	5
D10062	15	19	暴牙蜘蛛	14	2	5
D10062	17	17	黑锷蜘蛛	14	2	5
D10062	17	17	黑锷蜘蛛	14	2	6
D10062	16	18	血巨人		14	2	6
D10062	16	18	血僵尸		14	2	6
D10062	17	19	月魔蜘蛛	14	2	3
D10062	17	19	花吻蜘蛛	14	2	6
D10062	17	19	钢牙蜘蛛	14	2	6
D10062	80	220	邪恶巨人 	200	5	10
D10062	80	220	邪恶巨人 	200	5	10
D10062	80	220	邪恶巨人精英	200	1	10
D10062	17	19	暴牙蜘蛛	14	2	6
D10062	17	19	剧毒蜘蛛	14	2	6
D10062	17	19	黑锷蜘蛛	14	2	6
D10062	17	19	血巨人		14	2	6
D10062	17	19	血僵尸		14	2	6
D10062	28	19	赤月恶魔统领	0	1	60


D10061	15	18	血巨人精英	12	2	8
D10061	15	18	暴牙蜘蛛精英	12	1	10
D10061	15	18	血僵尸精英	12	2	10
D10061	15	18	钢牙蜘蛛精英	12	1	10
D10061	15	18	花吻蜘蛛精英	12	1	8
D10061	15	18	血僵尸精英	12	1	10
D10061	15	18	血巨人精英	12	1	8
D10061	15	18	血僵尸  	12	2	10


T1341	15	25	暴牙蜘蛛	10	3	10
T1341	15	25	天狼蜘蛛	10	3	10
T1341	25	15	暴牙蜘蛛	10	3	10
T1341	25	15	天狼蜘蛛	10	3	10
T1341	15	25	天狼蜘蛛	10	2	30
T1341	25	15	暴牙蜘蛛	10	2	30
T1341	15	18	双头血魔	12	2	30
T1341	15	18	双头金刚	12	2	30

T1342	15	25	暴牙蜘蛛	10	4	10
T1342	15	25	天狼蜘蛛	10	4	10
T1342	25	15	暴牙蜘蛛	10	4	10
T1342	25	15	天狼蜘蛛	10	4	10
T1342	15	25	天狼蜘蛛	10	2	30
T1342	25	15	暴牙蜘蛛	10	2	30
T1342	80	220	邪恶巨人 	200	10	10
T1342	80	220	邪恶巨人	200	10	10
T1342	80	220	邪恶巨人精英	200	1	10
T1342	190	330	双头金刚精英	200	10	10
T1342	190	330	双头血魔精英	200	10	10


T1343	15	25	暴牙蜘蛛	10	5	10
T1343	15	25	天狼蜘蛛	10	5	10
T1343	25	15	暴牙蜘蛛	10	5	10
T1343	25	15	天狼蜘蛛	10	5	10
T1343	15	25	天狼蜘蛛	10	2	30
T1343	25	15	暴牙蜘蛛	10	2	30
T1343	15	18	血僵尸精英	12	1	10
T1343	15	18	血巨人精英	12	1	8
T1343	15	18	血僵尸  	12	2	10
T1343	23	18	赤月恶魔统领	0	1	60
;-----------------------------------------------------------
;-----------------------------------------------------------
12      100    60    天狼蜘蛛   100       60       8
12      100    60    暴牙蜘蛛   100       30      12
12      100    60    花吻蜘蛛   100       20      11
12      290   160    天狼蜘蛛   100       60       8
12      290   160    暴牙蜘蛛   100       30      13
12      290   160    花吻蜘蛛   100       20      14
12       50   300    天狼蜘蛛   100       60       8
12       50   300    暴牙蜘蛛   100       30      15
12       50   300    花吻蜘蛛   100       20      16
12       80   220    天狼蜘蛛   100       60       8
12       80   220    暴牙蜘蛛   100       30      17
12       80   220    花吻蜘蛛   100       20      18
12	160   210    天狼蜘蛛   100       60       8
12	160   210    暴牙蜘蛛   100       30      19
12	160   210    花吻蜘蛛   100       20      10
12      190   330    天狼蜘蛛   100       60       8
12      190   330    暴牙蜘蛛   100       30      12
12      190   330    花吻蜘蛛   100       20      14
12      288   328    剧毒蜘蛛   100       30       6
12	288   328    天狼蜘蛛   100       40       8
12	288   328    暴牙蜘蛛   100       20      13
12	288   328    花吻蜘蛛   100       10      10
12      190   330    剧毒蜘蛛   250      70       6
12      290   160    天狼蜘蛛   50       20      30
12      100    60    暴牙蜘蛛   50       20      30
12       50   300    花吻蜘蛛   50        10      30

1002	12	12	鹰卫		10	2	10
1002	12	12	虎卫		10	2	10
}
