[@]
{
LY1	30  30	  100	 20  30
LY1	30  30	  100	 20  30
LY1	30  30	ƶ  100	 20  30
LY1	30  30	  100	 20  30
LY1	30  30	    100	 20  30
LY1	30  30	ħ    1	 1   180


;----------------------------------------

LY2	30  30	    120	 40  30
LY2	30  30	    120	 40  30
LY2	30  30		ƶ    120	 40  30
LY2	30  30		    120	 40  30
LY2	30  30		ħ      120	 40  30
LY2	30  30		      120	 40  30
LY2	30  30		ħ      120	 40  30
LY2	30  30		սʿ  120	 20  30
LY2	30  30		鷨ʦ  120	 20  30
LY2	30  30		аʦ  120	 20  30
LY2	30  30		С    5 	 1   120
LY2	30  30		ħ      5	         1   120

;----------------------------------------

LY3	30  30	  	    110	 10  30
LY3	30  30	 	            110	 10  30
LY3	30  30		        ƶ    110	 10  30
LY3	30  30		            110	 10  30
LY3	30  30	        ħ      110	 10  30
LY3	30  30	 	              110	 10  30
LY3	30  30		        սʿ  110	 20  30
LY3	30  30		        鷨ʦ  110	 20  30
LY3	30  30	 	        аʦ  110	 20  30
LY3	30  30		            5	 1   120


;----------------------------------------
LY4	30  30		    120	 20  30
LY4	30  30		    120	 20  30
LY4	30  30		ƶ    120	 30  30
LY4	30  30		    120	 30  30
LY4	30  30		ħ      120	 30  30
LY4	30  30		      120	 30  30
LY4	30  30		ħ      120	 30  30
LY4	30  30		սʿ  120	 40  30
LY4	30  30		鷨ʦ  120	 40  30
LY4	30  30		аʦ  120	 40  30
LY4	30  30	  	С    5	 1   120
LY4	30  30		ħ      5	 1   120
LY4	30  30		Ⱥʬͳ  5	 1   120
LY4	30  30		    5	 1   120

;----------------------------------------

LY5	30  30		        ħ      110	 10  30
LY5	30  30	 	              110	 10  30
LY5	30  30	 	        սʿ  110	 30  30
LY5	30  30	 	        鷨ʦ  110	 30  30
LY5	30  30	 	        аʦ  110	 30  30
LY5	30  30	 	              5	 1   180
;----------------------------------------
LY6	30  30		    120	 10  30
LY6	30  30		    120	 10  30
LY6	30  30		ƶ    120	 30  30
LY6	30  30		    120	 30  30
LY6	30  30		ħ      120	 30  30
LY6	30  30		      120	 30  30
LY6	30  30		ħ      120	 30  30
LY6	30  30		սʿ  120	 40  30
LY6	30  30		鷨ʦ  120	 40  30
LY6	30  30		аʦ  120	 40  30
LY6	30  30		С    3	 1   120
LY6	30  30		ħ      3	 1   120
LY6	30  30		Ⱥʬͳ  1	 1   120
LY6	30  30	 	    3	 1   120
LY6	30  30	 	      3	 1   120
LY6	30  30		        1	 1   120
LY6	30  30		        3	 1   120

}