[@沃玛森林]
{
;X┄┄┄┄[
;┆沃玛森林┆
;^┄┄┄┄a
1	54 	40	雪人王		20	20	10
1	79 	163	多钩猫王	20	20	10
1	220	522	钉耙猫王	20	20	10
1	200 	59	森林雪人	200	50	5
1	200 	59	多钩猫		200	50	5
1	200 	59	钉耙猫		200	100	5
1	200 	59	森林雪人	200	100	5
1	200 	59	多钩猫		200	10	5
1	200 	59	钉耙猫		200	10	5
1	300 	159	森林雪人	200	10	5
1	200 	159	多钩猫		200	10	5
1	300 	159	钉耙猫		200	20	5
1	300 	259	森林雪人	200	20	5
1	200 	259	多钩猫		200	20	5
1	300 	259	钉耙猫		200	10	5
1	300 	359	森林雪人	200	10	5
1	300 	359	多钩猫		200	20	5
1	200 	359	钉耙猫		200	20	5
1	300 	459	森林雪人	200	20	5
1	300 	459	多钩猫		200	20	5
1	300 	459	钉耙猫		200	20	5
1	200 	159	森林雪人精英	200	50	5
1	300 	159	多钩猫精英	200	50	5
1	200 	159	钉耙猫精英	200	50	5
1	300 	259	森林雪人精英	200	50	5
1	200 	259	多钩猫精英	200	50	5
1	300 	259	钉耙猫精英	200	50	5
1	200 	359	森林雪人精英	200	50	5
1	300 	359	多钩猫精英	200	50	5
1	200 	359	钉耙猫精英	200	50	5
1	300 	459	森林雪人精英	200	50	5
1	200 	459	多钩猫精英	200	50	5
1	300 	459	钉耙猫精英	200	50	5
1	300	300	雪人王		300	50	10
1	300	300	多钩猫王	300	50	10
1	300	300	钉耙猫王	300	50	10
1	300 	259	森林雪人宝宝	200	50	5
1	300 	459	森林雪人宝宝	200	50	5
1	302	164	半兽人		150	25	5
1	302	164	半兽战士	150	15	5
1	302	164	半兽勇士	150	2	10
1	302	164	半兽勇士精英	150	10	10
1	302	164	半兽勇士宝宝	150	5	10
1	352	382	半兽人		100	25	5
1	352	382	半兽战士	100	20	5
1	352	382	半兽勇士精英	100	10	10
1	352	382	半兽勇士宝宝	150	5	10
1	250	230	半兽人		230	8	5
1	219	381	半兽勇士	100	5	6
1	219	381	半兽战士	100	5	5
1	352	382	半兽人		100	25	6
1	352	382	半兽战士	100	20	6
1	352	382	半兽勇士	100	4	10
1	250	230	半兽勇士统领	230	10	30
1	250	230	半兽统领	230	10	30
1	250	230	半兽战士	230	15	6
1	219	381	半兽战士	100	15	6
1	302	164	半兽人		150	80	6
1	302	164	半兽战士	150	40	6
1	302	164	半兽勇士	150	2	10
1	352	382	半兽战士	100	10	10
1	352	382	半兽勇士	100	4	10
1	250	230	半兽战士	230	50	10
1	250	230	半兽勇士精英	230	2	10
1	250	230	半兽勇士宝宝	230	5	10
1	219	381	半兽勇士	100	5	10
1	219	381	半兽战士精英	100	2	10
1	219	381	半兽勇士	100	4	10
1	497	445	半兽战士	50	4	10
1	302	164	半兽勇士	150	2	10
1	352	382	半兽战士	100	10	6
1	250	230	半兽人		230	80	6
1	250	230	半兽战士	230	50	6
1	250	230	半兽勇士	230	1	10
1	219	381	半兽人		100	50	6
1	219	381	半兽战士	100	10	10
;-----------------------------------------------------------

;X┄┄┄┄[
;┆沃玛寺庙┆
;^┄┄┄┄a
D024	50	50	沃玛教主	20	2	30
D024	50	50	沃玛卫士	30	5	10
D024	40	40	沃玛勇士	20	10	5
D024	40	40	沃玛战士	20	10	5
D024	40	40	沃玛战将	20	10	5
D024	40	40	火焰沃玛	20	10	5
D024	40	40	暗黑战士	20	5	5
D024	50	50	沃玛战士	20	10	5
D024	50	50	沃玛勇士	20	10	5
D024	50	50	沃玛战将	20	10	5
D024	50	50	火焰沃玛	20	10	5
D024	50	50	暗黑战士	20	5	5
D024	60	60	沃玛战士	20	10	5
D024	60	60	沃玛勇士	20	10	5
D024	60	60	沃玛战将	20	10	5
D024	60	60	火焰沃玛	20	10	5
D024	60	60	暗黑战士	20	5	5
D024	40	50	沃玛勇士	20	10	5
D024	40	50	沃玛战士	20	10	5
D024	40	50	沃玛战将	20	10	5
D024	40	50	火焰沃玛	20	10	5
D024	40	50	暗黑战士	20	5	5
D024	50	40	沃玛战士	20	10	5
D024	50	40	沃玛勇士	20	10	5
D024	50	40	沃玛战将	20	10	5
D024	50	40	火焰沃玛	20	10	5
D024	50	40	暗黑战士	20	5	5
D024	60	50	沃玛勇士	20	10	5
D024	60	50	沃玛战士	20	10	5
D024	60	50	沃玛战将	20	10	5
D024	60	50	火焰沃玛	20	10	5
D024	60	50	暗黑战士	20	5	5
D024	50	60	沃玛勇士	20	10	5
D024	50	60	沃玛战士	20	10	5
D024	50	60	沃玛战将	20	10	5
D024	50	60	火焰沃玛	20	10	5
D024	50	60	暗黑战士	20	5	5
D024	50	50	沃玛战士精英	20	25	10
D024	50	50	沃玛勇士精英	10	25	10
D024	50	50	沃玛战将精英	10	25	10
D024	50	50	火焰沃玛精英	10	25	10
D024	50	50	暗黑战士精英	10	10	10
D024	50	50	沃玛战士精英	20	25	10
D024	50	50	沃玛勇士精英	10	25	10
D024	50	50	沃玛战将精英	10	25	10
D024	50	50	火焰沃玛精英	10	25	10
D024	50	50	暗黑战士精英	10	10	10
D024	40	40	牛妖	        30	1	120
D024	40	40	阴沉沃玛教主	30	1	60
D024	40	40	沃玛卫士精英	30	2	30
D024	50	50	火焰沃玛宝宝	30	10	10
D024	50	50	沃玛卫士宝宝	30	2	10
D024	40	40	沃玛教主宝宝	30	1	10
D024	40	40	沃玛教皇	30	1	60

F013 	23 	37 	沃玛教皇	5 	2 	30
F013 	20 	20 	千年树妖	20 	2 	20
F013 	23 	23  	地狱犬		10 	25 	10
}