[@盟重省]
{
3	400	400	巨型多角虫	800	200	6
3	400	400	巨型多角虫	800	200	6

;蜈蚣洞
D601	125	125	蜈蚣		100	55	5
D601	125	125	钳虫		100	55	5
D601	125	125	跳跳蜂		100	55	5
D601	125	125	黑色恶蛆	100	55	5
D601	125	125	巨型蠕虫	100	55	5
D601	200	210	蜈蚣		50	20	6
D601	25	100	蜈蚣		50	20	6
D601	88	180	蜈蚣		50	20	6
D601	190	116	蜈蚣		50	20	6
D601	188	32	蜈蚣		50	20	6
D601	200	210	钳虫		50	20	6
D601	25	100	钳虫		50	20	6
D601	88	180	钳虫		50	20	6
D601	190	116	钳虫		50	20	6
D601	188	32	钳虫		50	20	6
D601	125	125	蜈蚣精英	100	20	10
D601	125	125	蜈蚣精英	100	20	10
D601	125	125	跳跳蜂精英	100	20	10
D601	125	125	跳跳蜂精英	100	20	10
D601	125	125	巨型蠕虫精英	100	20	10
D601	125	125	巨型蠕虫精英	100	20	10
D601	125	125	黑色恶蛆精英	100	20	10
D601	125	125	黑色恶蛆精英	100	20	10
D601	125	125	钳虫精英	100	20	10
D601	125	125	钳虫精英	100	20	10
D601	200	210	跳跳蜂		50	20	6
D601	25	100	跳跳蜂		50	20	6
D601	88	180	跳跳蜂		50	20	6
D601	190	116	跳跳蜂		50	20	6
D601	188	32	跳跳蜂宝宝	50	20	6
D601	200	210	巨型蠕虫	50	20	6
D601	25	100	巨型蠕虫	50	20	6
D601	84	184	巨型蠕虫	50	20	6
D601	187	116	巨型蠕虫	50	20	6
D601	188	32	巨型蠕虫宝宝	50	20	6
D601	200	210	黑色恶蛆	50	15	6
D601	25	100	黑色恶蛆	50	15	6
D601	190	116	黑色恶蛆	50	15	6
D601	84	184	黑色恶蛆	50	15	6
D601	187	32	黑色恶蛆宝宝	50	15	6

D606	100	100	钳虫		100	100	5
D606	100	100	蜈蚣		100	100	5
D606	100	100	巨型蠕虫	100	100	5
D606	20	35	钳虫		50	20	5
D606	66	85	钳虫		50	20	5
D606	57	139	钳虫		50	20	5
D606	98	81	钳虫		50	20	5
D606	123	115	钳虫		50	20	5
D606	183	121	钳虫		50	20	5
D606	20	35	蜈蚣		50	20	5
D606	66	85	蜈蚣		50	20	5
D606	57	139	蜈蚣		50	20	5
D606	98	81	蜈蚣		50	20	5
D606	123	115	蜈蚣		50	20	5
D606	183	121	蜈蚣		50	20	5
D606	20	35	巨型蠕虫	50	20	5
D606	66	85	巨型蠕虫	50	20	5
D606	57	139	巨型蠕虫	50	20	5
D606	98	81	巨型蠕虫	50	20	5
D606	123	115	巨型蠕虫	50	20	5
D606	183	121	巨型蠕虫	50	20	5
D606	100	100	钳虫精英	100	50	5
D606	100	100	蜈蚣精英	100	50	5
D606	100	100	巨型蠕虫精英	100	50	5
D606	100	100	钳虫精英	100	50	5
D606	100	100	蜈蚣精英	100	50	5
D606	100	100	巨型蠕虫精英	100	50	5
D606	68	70	邪恶钳虫	10	5	10
D606	62	169	邪恶钳虫	10	5	10
D606	181	123	邪恶钳虫	10	5	10
D606	100	100	邪恶钳虫精英	100	10	30
D606    68	70	触龙神		0	1	30
D606    62	169	触龙神		0	1	30
D606    181	123	触龙神		0	1	30
D606    100	100	虫妖     	100	2	60
D606	100	100	邪恶钳虫宝宝	100	20	10
D606    184	102	触龙神精英	0	2	60
D606    174	108	暗之触龙神	0	2	30


;X┄┄[
;┆石墓┆
;^┄┄a
D715	200	200	红野猪		200	60	5
D715	200	200	楔蛾		200	60	5
D715	200	200	蝎蛇		200	60	5
D715	200	200	黑野猪		200	60	5
D715	200	200	黑色恶蛆	200	60	5
D715	200	200	红野猪		200	60	5
D715	200	200	楔蛾		200	60	5
D715	200	200	蝎蛇		200	60	5
D715	200	200	黑野猪		200	60	5
D715	200	200	黑色恶蛆	200	60	5
D715	200	200	白野猪		200	10	10
D715	200	200	蝎蛇精英	200	10	10
D715	200	200	蝎蛇宝宝	200	5	10
D715	200	200	白野猪宝宝      200	5	10
D715	200	200	红野猪精英	300	10	10
D715	200	200	黑野猪精英	300	10	10
D715	200	200	黑色恶蛆精英	300	10	10
D715	200	200	楔蛾精英	200	10	10
D715	200	200	楔蛾宝宝	200	5	10
D715	200	200	红野猪宝宝	300	5	10
D715	200	200	黑野猪宝宝	300	5	10
D715	200	200	黑色恶蛆宝宝	300	5	10

D71601	25	25	红野猪		25	10	10
D71601	25	25	黑野猪		25	10	10
D71601	25	25	楔蛾		25	5	10
D71601	25	25	蝎蛇		25	10	10
D71601	25	25	黑色恶蛆	25	10	10
D71601	25	25	红野猪精英	25	5	10
D71601	25	25	黑色恶蛆精英	25	5	10
D71625	25	25	白野猪    	25	5	10
D71601	25	25	楔蛾精英	25	5	10

D71602	25	25	红野猪		25	10	10
D71602	25	25	黑野猪		25	10	10
D71602	25	25	楔蛾		25	5	10
D71602	25	25	蝎蛇		25	10	10
D71602	25	25	黑色恶蛆	25	10	10
D71602	25	25	黑野猪精英	25	5	10
D71602	25	25	黑色恶蛆精英	25	5	10
D71625	25	25	白野猪    	25	5	10
D71602	25	25	楔蛾精英	25	5	10

D71603	25	25	红野猪		25	10	10
D71603	25	25	黑野猪		25	10	10
D71603	25	25	楔蛾		25	5	10
D71603	25	25	蝎蛇		25	10	10
D71603	25	25	黑色恶蛆	25	10	10
D71603	25	25	黑野猪精英	25	5	10
D71603	25	25	黑色恶蛆精英	25	5	10
D71625	25	25	白野猪    	25	5	10
D71603	25	25	楔蛾精英	25	5	10

D71604	25	25	红野猪		25	10	10
D71604	25	25	黑野猪		25	10	10
D71604	25	25	楔蛾		25	5	10
D71604	25	25	蝎蛇		25	10	10
D71604	25	25	黑色恶蛆	25	10	10
D71604	25	25	红野猪精英	25	5	10
D71604	25	25	黑色恶蛆精英	25	5	10
D71625	25	25	白野猪    	25	5	10
D71604	25	25	楔蛾精英	25	5	10

D71605	25	25	红野猪		25	10	10
D71605	25	25	黑野猪		25	10	10
D71605	25	25	楔蛾		25	5	10
D71605	25	25	蝎蛇		25	10	10
D71605	25	25	黑色恶蛆	25	10	10
D71605	25	25	红野猪精英	25	5	10
D71605	25	25	白野猪    	25	5	10
D71605	25	25	黑色恶蛆精英	25	5	10
D71605	25	25	楔蛾精英	25	5	10

D71606	25	25	红野猪		25	10	10
D71606	25	25	黑野猪		25	10	10
D71606	25	25	楔蛾		25	5	10
D71606	25	25	蝎蛇		25	10	10
D71606	25	25	黑色恶蛆	25	10	10
D71606	25	25	红野猪精英	25	5	10
D71606	25	25	黑色恶蛆精英	25	5	10
D71606	25	25	楔蛾精英	25	5	10
D71625	25	25	白野猪    	25	5	10

D71607	25	25	红野猪		25	10	10
D71607	25	25	黑野猪		25	10	10
D71607	25	25	楔蛾		25	5	10
D71607	25	25	蝎蛇		25	10	10
D71607	25	25	黑色恶蛆	25	10	10
D71607	25	25	黑野猪精英	25	5	10
D71607	25	25	黑色恶蛆精英	25	5	10
D71625	25	25	白野猪    	25	5	10
D71607	25	25	楔蛾精英	25	5	10

D71608	25	25	红野猪		25	10	10
D71608	25	25	黑野猪		25	10	10
D71608	25	25	楔蛾		25	5	10
D71608	25	25	蝎蛇		25	10	10
D71608	25	25	黑色恶蛆	25	10	10
D71608	25	25	黑野猪精英	25	5	10
D71608	25	25	黑色恶蛆精英	25	5	10
D71625	25	25	白野猪    	25	5	10
D71608	25	25	楔蛾精英	25	5	10

D71609	25	25	红野猪		25	10	10
D71609	25	25	黑野猪		25	10	10
D71609	25	25	楔蛾		25	5	10
D71609	25	25	蝎蛇		25	10	10
D71609	25	25	黑色恶蛆	25	10	10
D71609	25	25	黑野猪精英	25	5	10
D71625	25	25	白野猪    	25	5	10
D71609	25	25	黑色恶蛆精英	25	5	10
D71609	25	25	楔蛾精英	25	5	10


D71610	25	25	红野猪		25	10	10
D71610	25	25	黑野猪		25	10	10
D71610	25	25	楔蛾		25	5	10
D71610	25	25	蝎蛇		25	10	10
D71610	25	25	黑色恶蛆	25	10	10
D71610	25	25	红野猪精英	25	5	10
D71610	25	25	黑色恶蛆精英	25	5	10
D71625	25	25	白野猪    	25	5	10
D71610	25	25	楔蛾精英	25	5	10

D71611	25	25	红野猪		25	10	10
D71611	25	25	黑野猪		25	10	10
D71611	25	25	楔蛾		25	5	10
D71611	25	25	蝎蛇		25	10	10
D71611	25	25	黑色恶蛆	25	10	10
D71611	25	25	红野猪精英	25	5	10
D71611	25	25	黑色恶蛆精英	25	5	10
D71625	25	25	白野猪    	25	5	10
D71611	25	25	楔蛾精英	25	5	10

D71612	25	25	红野猪		25	10	10
D71612	25	25	黑野猪		25	10	10
D71612	25	25	楔蛾		25	5	10
D71612	25	25	蝎蛇		25	10	10
D71612	25	25	黑色恶蛆	25	10	10
D71612	25	25	红野猪精英	25	5	10
D71625	25	25	白野猪    	25	5	10
D71612	25	25	黑色恶蛆精英	25	5	10
D71612	25	25	楔蛾精英	25	5	10

D71613	25	25	红野猪		25	10	10
D71613	25	25	黑野猪		25	10	10
D71613	25	25	楔蛾		25	5	10
D71613	25	25	蝎蛇		25	10	10
D71613	25	25	黑色恶蛆	25	10	10
D71613	25	25	红野猪精英	25	5	10
D71625	25	25	白野猪    	25	5	10
D71613	25	25	黑色恶蛆精英	25	5	10
D71613	25	25	楔蛾精英	25	5	10

D71614	25	25	红野猪		25	10	10
D71614	25	25	黑野猪		25	10	10
D71614	25	25	楔蛾		25	5	10
D71614	25	25	蝎蛇		25	10	10
D71614	25	25	黑色恶蛆	25	10	10
D71614	25	25	黑野猪精英	25	5	10
D71625	25	25	白野猪    	25	5	10
D71614	25	25	黑色恶蛆精英	25	5	10
D71614	25	25	楔蛾精英	25	5	10

D71615	25	25	红野猪		25	10	10
D71615	25	25	黑野猪		25	10	10
D71615	25	25	楔蛾		25	5	10
D71615	25	25	蝎蛇		25	10	10
D71615	25	25	黑色恶蛆	25	10	10
D71615	25	25	黑野猪精英	25	5	10
D71625	25	25	白野猪    	25	5	10
D71615	25	25	黑色恶蛆精英	25	5	10
D71615	25	25	楔蛾精英	25	5	10

D71616	25	25	红野猪		25	10	10
D71616	25	25	黑野猪		25	10	10
D71616	25	25	楔蛾		25	5	10
D71616	25	25	蝎蛇		25	10	10
D71616	25	25	黑色恶蛆	25	10	10
D71616	25	25	黑野猪精英	25	5	10
D71625	25	25	白野猪    	25	5	10
D71616	25	25	黑色恶蛆精英	25	5	10
D71616	25	25	楔蛾精英	25	5	10

D71617	25	25	红野猪		25	10	10
D71617	25	25	黑野猪		25	10	10
D71617	25	25	楔蛾		25	5	10
D71617	25	25	蝎蛇		25	10	10
D71617	25	25	黑色恶蛆	25	10	10
D71617	25	25	红野猪精英	25	5	10
D71617	25	25	白野猪    	25	5	10
D71617	25	25	黑色恶蛆精英	25	5	10
D71617	25	25	楔蛾精英	25	5	10


D71618	25	25	红野猪		25	10	10
D71618	25	25	黑野猪		25	10	10
D71618	25	25	楔蛾		25	5	10
D71618	25	25	蝎蛇		25	10	10
D71618	25	25	黑色恶蛆	25	10	10
D71618	25	25	黑野猪精英	25	5	10
D71625	25	25	白野猪    	25	5	10
D71618	25	25	黑色恶蛆精英	25	5	10
D71618	25	25	楔蛾精英	25	5	10

D71619	25	25	红野猪		25	10	10
D71619	25	25	黑野猪		25	10	10
D71619	25	25	楔蛾		25	5	10
D71619	25	25	蝎蛇		25	10	10
D71619	25	25	黑色恶蛆	25	10	10
D71619	25	25	黑野猪精英	25	5	10
D71625	25	25	白野猪    	25	5	10
D71619	25	25	黑色恶蛆精英	25	5	10
D71619	25	25	楔蛾精英	25	5	10

D71620	25	25	红野猪		25	10	10
D71620	25	25	黑野猪		25	10	10
D71620	25	25	楔蛾		25	5	10
D71620	25	25	蝎蛇		25	10	10
D71620	25	25	黑色恶蛆	25	10	10
D71620	25	25	黑野猪精英	25	5	10
D71620	25	25	黑色恶蛆精英	25	5	10
D71625	25	25	白野猪    	25	5	10
D71620	25	25	楔蛾精英	25	5	10

D71621	25	25	红野猪		25	10	10
D71621	25	25	黑野猪		25	10	10
D71621	25	25	楔蛾		25	5	10
D71621	25	25	蝎蛇		25	10	10
D71621	25	25	黑色恶蛆	25	10	10
D71621	25	25	红野猪精英	25	5	10
D71621	25	25	白野猪    	25	5	10
D71621	25	25	黑色恶蛆精英	25	5	10
D71621	25	25	楔蛾精英	25	5	10

D71622	25	25	红野猪		25	10	10
D71622	25	25	黑野猪		25	10	10
D71622	25	25	楔蛾		25	5	10
D71622	25	25	蝎蛇		25	10	10
D71622	25	25	黑色恶蛆	25	10	10
D71622	25	25	黑野猪精英	25	5	10
D71625	25	25	白野猪    	25	5	10
D71622	25	25	黑色恶蛆精英	25	5	10
D71622	25	25	楔蛾精英	25	5	10

D71623	25	25	红野猪		25	10	10
D71623	25	25	黑野猪		25	10	10
D71623	25	25	楔蛾		25	5	10
D71623	25	25	蝎蛇		25	10	10
D71623	25	25	黑色恶蛆	25	10	10
D71623	25	25	黑野猪精英	25	5	10
D71625	25	25	白野猪    	25	5	10
D71623	25	25	黑色恶蛆精英	25	5	10
D71623	25	25	楔蛾精英	25	5	10

D71624	25	25	红野猪		25	10	10
D71624	25	25	黑野猪		25	10	10
D71624	25	25	楔蛾		25	5	10
D71624	25	25	蝎蛇		25	10	10
D71624	25	25	黑色恶蛆	25	10	10
D71624	25	25	黑野猪精英	25	5	10
D71625	25	25	白野猪    	25	5	10
D71624	25	25	黑色恶蛆精英	25	5	10
D71624	25	25	楔蛾精英	25	5	10


D71625	25	25	红野猪		25	10	10
D71625	25	25	黑野猪		25	10	10
D71625	25	25	楔蛾		25	5	10
D71625	25	25	蝎蛇		25	10	10
D71625	25	25	黑色恶蛆	25	10	10
D71625	25	25	红野猪精英	25	5	10
D71625	25	25	白野猪    	25	5	10
D71625	25	25	黑色恶蛆精英	25	5	10
D71625	25	25	楔蛾精英	25	5	10

D716	25	25	红野猪		25	15	10
D716	25	25	黑野猪		25	15	10
D716	25	25	楔蛾		25	8	10
D716	25	25	蝎蛇		25	15	10
D716	25	25	黑色恶蛆	25	10	10
D716	25	25	黑野猪		25	20	10
D716	25	25	红野猪精英	25	10	10
D716	25	25	红野猪宝宝	25	5	10
D716	25	25	黑野猪精英	25	10	10
D716	25	25	黑野猪宝宝	25	5	10
D716	25	25	黑色恶蛆精英	25	10	10
D716	25	25	黑色恶蛆宝宝	25	5	10
D716	25	25	楔蛾精英	25	10	10
D716	25	25	楔蛾宝宝	25	5	10
D716	25	25	蝎蛇精英	25	10	10
D716	20	20	蝎蛇宝宝	20	5	10

D717	100	100	白野猪		100	12	10
D717	100	100	白野猪		100	10	10
D717	100	100	白野猪		100	10	10
D717	100	100	白野猪精英	100	5	30
D717	100	100	白野猪		100	10	10

D717	100	100	猪妖     	100	2	60
D717	100	100	邪恶毒蛇	100	10	10
D717	100	100	邪恶毒蛇宝宝	100	5	10
D717	100	100	邪恶毒蛇王	100	2	30
D717	100	100	万恶龙   	100	2	60
D717	100	100	邪恶毒蛇	100	10	10
D717	100	100	邪恶毒蛇精英	100	10	30
D717	100	100	邪恶毒蛇	100	10	10

D717	100	100	红野猪精英	100	20	10
D717	100	100	红野猪宝宝      100	5	10
D717	100	100	黑野猪精英	100	20	10
D717	100	100	黑野猪宝宝	100	5	10
D717	100	100	黑色恶蛆精英	100	20	10
D717	100	100	黑色恶蛆宝宝	100	5	10
D717	100	100	楔蛾精英	100	20	10
D717	100	100	楔蛾宝宝	100	5	10

}
