#CALL [\\游戏配置\刷怪配置\弓箭护卫.txt] @弓箭护卫
#CALL [\\游戏配置\刷怪配置\比奇省.txt] @比奇省
#CALL [\\游戏配置\刷怪配置\沃玛森林.txt] @沃玛森林
#CALL [\\游戏配置\刷怪配置\白日门.txt] @白日门
#CALL [\\游戏配置\刷怪配置\森林迷宫.txt] @森林迷宫
#CALL [\\游戏配置\刷怪配置\半兽人洞.txt] @半兽人洞
#CALL [\\游戏配置\刷怪配置\比奇矿区.txt] @比奇矿区
#CALL [\\游戏配置\刷怪配置\盟重省.txt] @盟重省
#CALL [\\游戏配置\刷怪配置\祖玛寺庙.txt] @祖玛寺庙
#CALL [\\游戏配置\刷怪配置\桃源之门.txt] @桃源之门
#CALL [\\游戏配置\刷怪配置\封魔谷.txt] @封魔谷
#CALL [\\游戏配置\刷怪配置\幻境.txt] @幻境
#CALL [\\游戏配置\刷怪配置\活动刷怪.txt] @活动刷怪
#CALL [\\游戏配置\刷怪配置\苍月岛.txt] @苍月岛
#CALL [\\游戏配置\刷怪配置\死亡炼狱.txt] @死亡炼狱

3	327	331	练功师		0	1	1

;6个爆衣服的刷怪
T232	22	24	暗之沃玛教主	5	2	60
T339	18	26	暗之骷髅精灵	5	2	60
T219	50	80	暗之双头金刚	5	2	60
T315	150	140	暗之黄泉教主	5	2	60
T118	14	15	暗之双头血魔	5	2	60
T218	14	15	暗之虹魔教主	5	2	60

;祖玛18阁
zm18g    15    24    弓箭手[精英]         2    5    10    0    11    0
zm18g    15    37    雕像[精英]           2    10    10    0    11    0
zm18g    15    49    弓箭手[精英]         2    5    10    0    11    0
zm18g    15    61    雕像[精英]           2    10    10    0    11    0
zm18g    15    73    弓箭手[精英]         2    5    10    0    11    0
zm18g    17    85    祖玛骑士[boss]       0    5    60   0    11    0
zm18g    32    80    雕像[精英]           2    10    10    0    11    0
zm18g    36    85    弓箭手[精英]         2    5    10    0    11    0
zm18g    60    15    卫士[精英]          40    20     10    0    11    0
zm18g    60    16    弓箭手[精英]        45    10     10    0    11    0
zm18g    60    17    雕像[精英]          50    20    20    0    11    0
zm18g    74    61    教主他爹[boss]       0    2    120   0    11    0

;地图名：死亡回廊
D2003   251  244   双头金刚     1       1      60
D2003   259  252   双头血魔     1       1      60
D2003   251  244   月魔蜘蛛     50      10     5
D2003   279  272   牛魔法师     50      10     5
D2003   279  272   宝箱     50      5     5
D2003   276  270   月魔蜘蛛     50      10     5
D2003   209  203   暗之牛魔王   1       1     180
D2003   192  216   暗之触龙神  1       1     180
D2003   186  205   触龙神       1       1     180
D2003   181  210   触龙神       1       1     180
D2003   177  206   触龙神       1       1     180
D2003   182  201   触龙神       1       1     180
D2003   178  197   触龙神       1       1     180
D2003   173  202   触龙神       1       1     180
D2003   100  125   黄泉教主    1       1     180
D2003   41   94    月魔蜘蛛     50      10     5
D2003   41   94    月魔蜘蛛     50      10     5
D2003   90   134   月魔蜘蛛     50      10     5
D2003   100  124   月魔蜘蛛     50      10     5
D2003   129  154   月魔蜘蛛     35      30     5
D2003   149  174   牛魔法师     50      15     5
D2003   163  188   牛魔法师     50      15     5
D2003   256  249   牛魔法师     50      15     5
D2003   280  273   牛魔法师     50      15     5
D2003   236  229   牛魔法师     50      15     5

;━━━━━━━━━━━━━━━━━━━━━━━━━━━━━━━━ 
;地图名：万恶之源
D10071   14  23   月魔蜘蛛精英         20      12     5
D10071   10  18   月魔蜘蛛精英         20     10     5
D10071   14  23   黑锷蜘蛛精英         20      12    5
D10071   16  22   邪恶巨人精英       50     12     5
D10071   9  18   暗之虹魔教主     0      2     30
D10071   16  13   暗之骷髅精灵     0      2     30
D10071   20  15   暗之双头金刚     0      2     30
D10071   24  13   暗之沃玛教主     0      2     30
D10071   27  19   暗之黄泉教主     0      2    30
D10071   20  25   暗之双头血魔     0      2    30
D10071   12  22   暗之牛魔王       0      2     60
D10071   17  21   暗之赤月恶魔       0      1    120
D10071   17  21   铁脊怪       10      1    120

;━━━━━━━━━━━━━━━━━━━━━━━━━━━━━━━━
;地图名：魔龙城
6      300    300     魔龙邪眼     100     25     20
6      300    300     魔龙血蛙     100     25     20
6      300    300     魔龙刺蛙     100     25     20
6      400    100     魔龙邪眼     100     25     20
6      400    100     魔龙血蛙     100     25     20
6      400    100     魔龙刺蛙     100     25     20

61     51     32      魔龙刀兵     100     15     10
61     51     32      魔龙破甲兵   100     15     10
61     111    310     魔龙射手     100     15     10
61     50     373     魔龙刺蛙     100     15    10
61     50     373     魔龙破甲兵   100     15     10
61     135     245    魔龙刀兵     100     15     10
61     135     245    魔龙破甲兵   100     15     10
61     229     159    魔龙射手     100     5      10

611     63     100    魔龙破甲兵   100     20     25
611     63     100    魔龙射手     100     20     25
611     63     100    魔龙刀兵     100     20     25
611     63     100    魔龙破甲兵   100     20     25
611     63     100    魔龙破甲兵   100     20     25
611     63     100    魔龙射手     100     20     25
611     63     100    魔龙刀兵     100     20     25
611     63     100    魔龙破甲兵   100     20     25

612     150     150     魔龙破甲兵   150     20     15
612     150     150     魔龙射手     150     40     15
612     150     150     魔龙刀兵     150     20     15
612     150     150     魔龙血蛙     150     30     15
612     150     150     魔龙刺蛙     150     30     15
612     150     150     魔龙破甲兵   150     20     15
612     150     150     魔龙射手     150     40     15
612     150     150     魔龙刀兵     150     20     15
612     150     150     魔龙血蛙     150     30     15
612     150     150     魔龙刺蛙     150     30     15

613     110     150     魔龙破甲兵   100     10     25
613     110     150     魔龙射手     100     10     25
613     110     150     魔龙刀兵     100     10     25
613     110     150     魔龙破甲兵   100     10     25
613     110     150     魔龙射手     100     10     25
613     110     150     魔龙刀兵     100     10     25
613     110     150     魔龙破甲兵   100     10     25
613     110     150     魔龙射手     100     10     25
613     110     150     魔龙刀兵     100     10     25
613     110     150     魔龙破甲兵   100     10     25
613     110     150     魔龙射手     100     10     25
613     110     150     魔龙刀兵     100     10     25

62     150     150     魔龙破甲兵     150     30     10
62     150     150     魔龙射手       150     30     10
62     150     150     魔龙刀兵       150     20     10
62     150     150     魔龙邪眼       150     20     10
62     150     150     魔龙血蛙       150     20     10
62     150     150     魔龙刺蛙       150     20     10

621     140     200     魔龙破甲兵     150     20     15
621     140     200     魔龙射手       150     20     15
621     140     200     魔龙刀兵       150     15     15
621     140     200     魔龙破甲兵     150     15     15
621     140     200     魔龙破甲兵     150     20     15
621     140     200     魔龙射手       150     20     15
621     140     200     魔龙刀兵       150     15     15
621     140     200     魔龙破甲兵     150     15     15

622     51     32       魔龙刀兵       50     15     15
622     51     32       魔龙破甲兵     50     15     15
622     111    310      魔龙射手       50     15     15
622     50     373      魔龙血蛙       50     15     15
622     50     373      魔龙刺蛙       50     15     15
622     50     373      魔龙破甲兵     50     15     15
622     50     373      魔龙射手       50     15     15
622     49     153      魔龙刀兵       50     15     15
622     49     153      魔龙破甲兵     50     15     15
622     49     153      魔龙射手       50     15     15
622     41     235      魔龙刀兵       50     15     15
622     41     235      魔龙破甲兵     50     15     15
622     41     235      魔龙射手       50     15     15
622     41     235      魔龙邪眼       50     15    15
622     41     235      魔龙血蛙       50     15    15
622     41     235      魔龙刺蛙       50     15    15
622     135     245     魔龙刀兵       50     15     15
622     135     245     魔龙破甲兵     50     15     15
622     135     245     魔龙射手       50     15     15
622     139     68      魔龙刀兵       50     15     15
622     139     68      魔龙破甲兵     50     15     15
622     139     68      魔龙射手       50     15     15
622     220     88      魔龙刀兵       50     15     15
622     220     88      魔龙破甲兵     50     15     15
622     220     88      魔龙射手       50     15     15
622     229     159     魔龙刀兵       50     15     15
622     229     159     魔龙破甲兵     50     15     15
622     229     159     魔龙射手       50     15     15
622     228     247     魔龙刀兵       50     15     15
622     228     247     魔龙破甲兵     50     15     15
622     228     247     魔龙射手       50     15     15
622     150     150     魔龙破甲兵    150     12     20
622     150     150     魔龙射手      150     12     20

63     200     200     魔龙刀兵        200     30     15
63     200     200     魔龙破甲兵      200     30     15
63     200     200     魔龙邪眼        200     20     15
63     200     200     魔龙刺蛙        200     20     15
63     200     200     魔龙射手        200     40     15
63     200     200     魔龙刀兵        200     10     30
63     200     200     魔龙破甲兵      200     10     30
63     200     200     魔龙破甲兵     200     12     30
63     200     200     魔龙射手       200     12     30
63     200     200     魔龙射手       200     12     30
63     200     200     魔龙刀兵        200     30     15
63     200     200     魔龙破甲兵      200     30     15
63     200     200     魔龙邪眼        200     20     15
63     200     200     魔龙刺蛙        200     20     15
63     200     200     魔龙射手        200     40     15
63     200     200     魔龙刀兵        200     10     30
63     200     200     魔龙破甲兵      200     10     30
63     200     200     魔龙破甲兵     200     12     30
63     200     200     魔龙射手       200     12     30
63     200     200     魔龙射手       200     12     30

631     100     100     魔龙破甲兵     100     15     30
631     100     100     魔龙射手       100     15     30
631     100     100     魔龙破甲兵     100     18      30
631     100     100     魔龙刀兵       100     18      30
631     100     30      魔龙射手      10      6      10
631     100     30      魔龙破甲兵    10      16      10
631     100     30      魔龙刀兵      10      16      10
631     109     53      触龙神         30       1      30
631     105     53      魔龙射手      10      2      10
631     105     53      魔龙破甲兵    10      6      10
631     105     53      魔龙刀兵      10      6      10
631     90      57      暗之触龙神         10       1      60
631     109     37      魔龙射手      10      6      10
631     109     37      魔龙破甲兵    10      16      10
631     109     37      魔龙刀兵      10      16      10
631     90      57      魔龙射手      30      16      10
631     90      57      魔龙破甲兵    30      6      10
631     90      57      魔龙刀兵      30      16      10

632     100     100     魔龙破甲兵     100     15    30
632     100     100     魔龙射手       120     25    30
632     100     100     魔龙破甲兵     100     18     30
632     100     100     魔龙刀兵       100     18     30
632     32      31      魔龙射手      10      20     10
632     32      31      魔龙破甲兵    10      8     10
632     32      31      魔龙刀兵      10      10     10
632     32      31      触龙神         10       1     30
632     45      36      魔龙射手      10      20     10
632     45      36      魔龙破甲兵   10      6     10
632     45      36      魔龙刀兵      10      10     10
632     33      80      暗之触龙神         10       1     60
632     60      60      魔龙射手      30      10     10
632     60      60      魔龙破甲兵    30      16     10
632     60      60      魔龙刀兵      30      16     10

64     51     32       魔龙刺蛙        30     15     15
64     51     32       魔龙破甲兵      30     15     15
64     51     32       魔龙血蛙        30     15     15
64     48     84       魔龙刀兵        30     15     15
64     48     84       魔龙破甲兵      30     15     15
64     48     84       魔龙射手        30     15     15
64     49     153      魔龙破甲兵      30     15     15
64     49     153      魔龙射手        30     15     15
64     41     235      魔龙破甲兵      30     15     15
64     41     235      魔龙射手        30     15     15
64     135     245     魔龙破甲兵      30     15     15
64     135     245     魔龙射手        30     15     15
64     139     68      魔龙刺蛙       30     15     15
64     139     68      魔龙破甲兵      30     15     15
64     139     68      魔龙血蛙       30     15     15

65     100     100     魔龙力士        50      3     60
65     100     100     魔龙战将        50      10    60
65     100     100     魔龙巨蛾        50      10     60
65     100     100     魔龙刀兵      100      20     15
65     100     100     魔龙射手      100      30     30
65     100     100     魔龙破甲兵    100      20     30
65     100     100     魔龙刀兵      100      20     30
65     100     100     魔龙力士        50      3     60
65     100     100     魔龙战将        50      10    60
65     100     100     魔龙巨蛾        50      10     60
65     100     100     魔龙刀兵      100      20     15
65     100     100     魔龙射手      100      30     30
65     100     100     魔龙破甲兵    100      20     30
65     100     100     魔龙刀兵      100      20     30

66     150     150     魔龙邪眼       140      15     10
66     150     150     魔龙刺蛙      140      15     20
66     150     150     魔龙血蛙      140      15     10
66     150     150     魔龙射手       140      30     15
66     150     150     魔龙刀兵       140      28     10
66     150     150     魔龙破甲兵     140      28     11
66     150     150     魔龙射手      140      12     10
66     150     150     魔龙刀兵      140      21     12
66     150     150     魔龙破甲兵    140      21     13
66     226     45      魔龙射手      140      15     10
66     226     45      魔龙刀兵      140      15     10
66     226     45      魔龙破甲兵    120      15     10
66     226     45      魔龙巨蛾       140     40     40
66     226     45      魔龙力士       140     20     40
66     226     45      魔龙战将       140     40     40
66     226     45      魔龙教主       10      2     120

66     226     45      暗之魔龙巨蛾       40     40     40
66     226     45      暗之魔龙力士       40     20     40
66     226     45      暗之魔龙战将       40     40     40
66     226     45      暗之魔龙教主       10      2     120

66     150     145      火龙斧卫     	 140     10     10
66     150     145      火龙叉怪    	 140     10     10
66     150     145      火龙魔锤   	 120     10     10
66     150     145      火龙蝙蝠      	 140     10     40
66     150     145      火龙刀卫      	 140     10     40
66     150     145      火龙弓箭手    	 140     10     40

D2081  200     200     火龙斧卫      200     200     30
D2081  200     200     火龙叉怪      200     200     30
D2081  200     200     火龙魔锤      200     200     30
D2081  200     200     火龙蝙蝠      200     200     30
D2081  200     200     火龙刀卫      200     200     30
D2081  200     200     火龙弓箭手    200     200     30

D2082  200     200     火龙斧卫      200     200     30
D2082  200     200     火龙叉怪      200     200     30
D2082  200     200     火龙魔锤      200     200     30
D2082  200     200     火龙蝙蝠      200     200     30
D2082  200     200     火龙刀卫      200     200     30
D2082  200     200     火龙弓箭手    200     200     30
D2082  360     288     火龙叉怪      20     50     10
D2082  360     288     火龙魔锤      20     50     10
D2082  360     288     火龙蝙蝠      20     50     10

D2083  60      60      火龙斧卫      100      20     10
D2083  60      60      火龙叉怪      100      20     10
D2083  60      60      火龙魔锤      100      20     10
D2083  60      60      火龙蝙蝠      100      20     10
D2083  60      60      火龙刀卫      100      20     10
D2083  60      60      火龙弓箭手    100      20     10

D2083  78      49      暗之火龙教主  0      1     120
D2083  58      69      火龙教主      0      1     120
D2083  82      44      火龙神        0      1     120
