传送令牌(一般)	0	1	0	0	0	0	
传送令牌(特殊)	0	1	0	0	0	0	
沃玛号角	0	1	0	0	0	0	
祖玛头像	0	1	0	0	0	0	
金条	0	1	0	0	0	0	
金砖	0	1	0	0	0	0	
金盒	0	1	0	0	0	0	
烈火剑法	0	1	0	0	0	0	
冰咆哮	0	1	0	0	0	0	
召唤神兽	0	1	0	0	0	0	
10点声望	0	1	0	0	0	0	
50点声望	0	1	0	0	0	0	
100点声望	0	1	0	0	0	0	
金刚石	0	1	0	0	0	0	
强化基本剑术	0	1	0	0	0	0	
强化攻杀剑术	0	1	0	0	0	0	
强化刺杀剑术	0	1	0	0	0	0	
强化半月弯刀	0	1	0	0	0	0	
强化烈火剑法	0	1	0	0	0	0	
强化疾光电影	0	1	0	0	0	0	
强化雷电术	0	1	0	0	0	0	
强化火墙	0	1	0	0	0	0	
强化爆裂火焰	0	1	0	0	0	0	
强化冰咆哮	0	1	0	0	0	0	
强化施毒术	0	1	0	0	0	0	
强化灵魂火符	0	1	0	0	0	0	
强化幽灵盾	0	1	0	0	0	0	
强化神圣战甲术	0	1	0	0	0	0	
强化召唤骷髅	0	1	0	0	0	0	
强化召唤神兽	0	1	0	0	0	0	
藏宝图	0	1	0	0	0	0	
宝物箱	0	1	0	0	1	1	
血轮珠	0	1	0	0	0	0	
传送令牌(危险)	0	1	0	0	0	0	
沃玛宝箱	0	1	0	0	0	0	
石墓宝箱	0	1	0	0	0	0	
祖玛宝箱	0	1	0	0	0	0	
牛魔宝箱	0	1	0	0	0	0	
行会水晶	0	1	0	0	0	0	
天罡命石(四阶)	0	1	0	0	0	0	
天罡命石(五阶)	0	1	0	0	0	0	
魔血石(中)	0	1	0	0	0	0	
魔血石(大)	0	1	0	0	0	0	
补给镖银	0	1	0	0	0	0	
记忆石	0	1	0	0	0	0	
超级祝福油	0	1	0	0	0	0	
灵兽经验丹	0	1	0	0	0	0	
金光麒麟	0	1	0	0	0	0	
暗金麒麟	0	1	0	0	0	0	
五彩祥瑞	0	1	0	0	0	0	
九天神龙	0	1	0	0	0	0	
铃铛シ普通	0	1	0	0	0	0	
吊扣シ普通	0	1	0	0	0	0	
马鞍シ普通	0	1	0	0	0	0	
缰绳シ普通	0	1	0	0	0	0	
装饰シ普通	0	1	0	0	0	0	
铃铛シ高级	0	1	0	0	0	0	
吊扣シ高级	0	1	0	0	0	0	
装饰シ高级	0	1	0	0	0	0	
缰绳シ高级	0	1	0	0	0	0	
马鞍シ高级	0	1	0	0	0	0	
铃铛シ神品	0	1	0	0	0	0	
吊扣シ神品	0	1	0	0	0	0	
装饰シ神品	0	1	0	0	0	0	
缰绳シ神品	0	1	0	0	0	0	
马鞍シ神品	0	1	0	0	0	0	
玛雅宝石	0	1	0	0	0	0	
再生宝石	0	1	0	0	0	0	
烈火剑法(L1)	0	1	0	0	0	0	
冰咆哮(L1)	0	1	0	0	0	0	
召唤神兽(L1)	0	1	0	0	0	0	
烈火剑法(L2)	0	1	0	0	0	0	
冰咆哮(L2)	0	1	0	0	0	0	
召唤神兽(L2)	0	1	0	0	0	0	
基本剑术(L3)	0	1	0	0	0	0	
攻杀剑术(L3)	0	1	0	0	0	0	
刺杀剑术(L3)	0	1	0	0	0	0	
半月弯刀(L3)	0	1	0	0	0	0	
野蛮冲撞(L3)	0	1	0	0	0	0	
烈火剑法(L3)	0	1	0	0	0	0	
火球术(L3)	0	1	0	0	0	0	
抗拒火环(L3)	0	1	0	0	0	0	
诱惑之光(L3)	0	1	0	0	0	0	
地狱火(L3)	0	1	0	0	0	0	
雷电术(L3)	0	1	0	0	0	0	
大火球(L3)	0	1	0	0	0	0	
瞬息移动(L3)	0	1	0	0	0	0	
爆裂火焰(L3)	0	1	0	0	0	0	
火墙(L3)	0	1	0	0	0	0	
疾光电影(L3)	0	1	0	0	0	0	
地狱雷光(L3)	0	1	0	0	0	0	
魔法盾(L3)	0	1	0	0	0	0	
圣言术(L3)	0	1	0	0	0	0	
冰咆哮(L3)	0	1	0	0	0	0	
治愈术(L3)	0	1	0	0	0	0	
精神力战法(L3)	0	1	0	0	0	0	
施毒术(L3)	0	1	0	0	0	0	
灵魂火符(L3)	0	1	0	0	0	0	
召唤骷髅(L3)	0	1	0	0	0	0	
隐身术(L3)	0	1	0	0	0	0	
集体隐身术(L3)	0	1	0	0	0	0	
幽灵盾(L3)	0	1	0	0	0	0	
神圣战甲术(L3)	0	1	0	0	0	0	
心灵启示(L3)	0	1	0	0	0	0	
困魔咒(L3)	0	1	0	0	0	0	
群体治疗术(L3)	0	1	0	0	0	0	
烈焰火石(四阶)	0	1	0	0	0	0	
烈焰火石(五阶)	0	1	0	0	0	0	
毒性道石(四阶)	0	1	0	0	0	0	
毒性道石(五阶)	0	1	0	0	0	0	
冰火雷石(四阶)	0	1	0	0	0	0	
冰火雷石(五阶)	0	1	0	0	0	0	
翘石针	0	1	0	0	0	0	
召唤神兽(L3)	0	1	0	0	0	0	
求婚戒指	0	1	0	0	0	0	
洗练符	0	1	0	0	0	0	
开天	0	1	0	0	0	0	
镇天	0	1	0	0	0	0	
玄天	0	1	0	0	0	0	
雷霆战甲(男)	0	1	0	0	0	0	
雷霆战甲(女)	0	1	0	0	0	0	
烈焰魔衣(男)	0	1	0	0	0	0	
烈焰魔衣(女)	0	1	0	0	0	0	
光芒道袍(男)	0	1	0	0	0	0	
光芒道袍(女)	0	1	0	0	0	0	
凤天魔甲	0	1	0	0	0	0	
凰天魔衣	0	1	0	0	0	0	
隐身戒指	0	1	0	0	0	0	
探测项链	0	1	0	0	0	0	
雷霆头盔	0	1	0	0	0	0	
烈焰头盔	0	1	0	0	0	0	
光芒头盔	0	1	0	0	0	0	
雷霆项链	0	1	0	0	0	0	
烈焰项链	0	1	0	0	0	0	
光芒项链	0	1	0	0	0	0	
雷霆护腕	0	1	0	0	0	0	
烈焰护腕	0	1	0	0	0	0	
光芒护腕	0	1	0	0	0	0	
雷霆战戒	0	1	0	0	0	0	
烈焰魔戒	0	1	0	0	0	0	
光芒道戒	0	1	0	0	0	0	
青铜靴	0	1	0	0	0	0	
白银靴	0	1	0	0	0	0	
黄金靴	0	1	0	0	0	0	
青铜腰带	0	1	0	0	0	0	
白银腰带	0	1	0	0	0	0	
黄金腰带	0	1	0	0	0	0	
战神头盔	0	1	0	0	0	0	
圣魔头盔	0	1	0	0	0	0	
真魂头盔	0	1	0	0	0	0	
战神项链	0	1	0	0	0	0	
圣魔项链	0	1	0	0	0	0	
真魂项链	0	1	0	0	0	0	
战神手镯	0	1	0	0	0	0	
圣魔手镯	0	1	0	0	0	0	
真魂手镯	0	1	0	0	0	0	
战神戒指	0	1	0	0	0	0	
圣魔戒指	0	1	0	0	0	0	
真魂戒指	0	1	0	0	0	0	
铂金靴	0	1	0	0	0	0	
钻石靴	0	1	0	0	0	0	
王者靴	0	1	0	0	0	0	
铂金腰带	0	1	0	0	0	0	
钻石腰带	0	1	0	0	0	0	
王者腰带	0	1	0	0	0	0	
技巧项链	0	1	0	0	0	0	
传送戒指	0	1	0	0	0	0	
麻痹戒指	0	1	0	0	0	0	
复活戒指	0	1	0	0	0	0	
护身戒指	0	1	0	0	0	0	
史诗传统项链	0	1	0	0	0	0	
史诗铁手镯	0	1	0	0	0	0	
史诗小手镯	0	1	0	0	0	0	
史诗钢手镯	0	1	0	0	0	0	
史诗大手镯	0	1	0	0	0	0	
史诗银手镯	0	1	0	0	0	0	
史诗皮制手套	0	1	0	0	0	0	
史诗魔法手镯	0	1	0	0	0	0	
史诗金戒指	0	1	0	0	0	0	
史诗降妖除魔戒	0	1	0	0	0	0	
史诗布衣(男)	0	1	0	0	0	0	
史诗布衣(女)	0	1	0	0	0	0	
史诗轻盔(男)	0	1	0	0	0	0	
史诗轻盔(女)	0	1	0	0	0	0	
史诗中盔(男)	0	1	0	0	0	0	
史诗中盔(女)	0	1	0	0	0	0	
史诗木剑	0	1	0	0	0	0	
史诗匕首	0	1	0	0	0	0	
史诗青铜剑	0	1	0	0	0	0	
史诗乌木剑	0	1	0	0	0	0	
史诗铁剑	0	1	0	0	0	0	
史诗短剑	0	1	0	0	0	0	
史诗青铜斧	0	1	0	0	0	0	
霸者之刃	0	1	0	0	0	0	
精致霸者之刃	0	1	0	0	0	0	
完美霸者之刃	0	1	0	0	0	0	
卓越霸者之刃	0	1	0	0	0	0	
传说霸者之刃	0	1	0	0	0	0	
史诗霸者之刃	0	1	0	0	0	0	
赤血魔剑	0	1	0	0	0	0	
精致赤血魔剑	0	1	0	0	0	0	
完美赤血魔剑	0	1	0	0	0	0	
卓越赤血魔剑	0	1	0	0	0	0	
传说赤血魔剑	0	1	0	0	0	0	
史诗赤血魔剑	0	1	0	0	0	0	
魔血戒指	0	1	0	0	0	0	
精致魔血戒指	0	1	0	0	0	0	
完美魔血戒指	0	1	0	0	0	0	
卓越魔血戒指	0	1	0	0	0	0	
传说魔血戒指	0	1	0	0	0	0	
史诗魔血戒指	0	1	0	0	0	0	
魔血手镯	0	1	0	0	0	0	
精致魔血手镯	0	1	0	0	0	0	
完美魔血手镯	0	1	0	0	0	0	
卓越魔血手镯	0	1	0	0	0	0	
传说魔血手镯	0	1	0	0	0	0	
史诗魔血手镯	0	1	0	0	0	0	
魔血项链	0	1	0	0	0	0	
精致魔血项链	0	1	0	0	0	0	
完美魔血项链	0	1	0	0	0	0	
卓越魔血项链	0	1	0	0	0	0	
传说魔血项链	0	1	0	0	0	0	
史诗魔血项链	0	1	0	0	0	0	
虹魔戒指	0	1	0	0	0	0	
精致虹魔戒指	0	1	0	0	0	0	
完美虹魔戒指	0	1	0	0	0	0	
卓越虹魔戒指	0	1	0	0	0	0	
传说虹魔戒指	0	1	0	0	0	0	
史诗虹魔戒指	0	1	0	0	0	0	
虹魔手镯	0	1	0	0	0	0	
精致虹魔手镯	0	1	0	0	0	0	
完美虹魔手镯	0	1	0	0	0	0	
卓越虹魔手镯	0	1	0	0	0	0	
传说虹魔手镯	0	1	0	0	0	0	
史诗虹魔手镯	0	1	0	0	0	0	
虹魔项链	0	1	0	0	0	0	
精致虹魔项链	0	1	0	0	0	0	
完美虹魔项链	0	1	0	0	0	0	
卓越虹魔项链	0	1	0	0	0	0	
传说虹魔项链	0	1	0	0	0	0	
史诗虹魔项链	0	1	0	0	0	0	
狂风戒指	0	1	0	0	0	0	
精致狂风戒指	0	1	0	0	0	0	
完美狂风戒指	0	1	0	0	0	0	
卓越狂风戒指	0	1	0	0	0	0	
传说狂风戒指	0	1	0	0	0	0	
史诗狂风戒指	0	1	0	0	0	0	
狂风项链	0	1	0	0	0	0	
精致狂风项链	0	1	0	0	0	0	
完美狂风项链	0	1	0	0	0	0	
卓越狂风项链	0	1	0	0	0	0	
传说狂风项链	0	1	0	0	0	0	
史诗狂风项链	0	1	0	0	0	0	
龙骨盔	0	1	0	0	0	0	
精致龙骨盔	0	1	0	0	0	0	
完美龙骨盔	0	1	0	0	0	0	
卓越龙骨盔	0	1	0	0	0	0	
传说龙骨盔	0	1	0	0	0	0	
史诗龙骨盔	0	1	0	0	0	0	
龙骨刀	0	1	0	0	0	0	
精致龙骨刀	0	1	0	0	0	0	
完美龙骨刀	0	1	0	0	0	0	
卓越龙骨刀	0	1	0	0	0	0	
传说龙骨刀	0	1	0	0	0	0	
史诗龙骨刀	0	1	0	0	0	0	
龙骨甲(男)	0	1	0	0	0	0	
精致龙骨甲(男)	0	1	0	0	0	0	
完美龙骨甲(男)	0	1	0	0	0	0	
卓越龙骨甲(男)	0	1	0	0	0	0	
传说龙骨甲(男)	0	1	0	0	0	0	
史诗龙骨甲(男)	0	1	0	0	0	0	
龙骨甲(女)	0	1	0	0	0	0	
精致龙骨甲(女)	0	1	0	0	0	0	
完美龙骨甲(女)	0	1	0	0	0	0	
卓越龙骨甲(女)	0	1	0	0	0	0	
传说龙骨甲(女)	0	1	0	0	0	0	
史诗龙骨甲(女)	0	1	0	0	0	0	
龙骨链	0	1	0	0	0	0	
精致龙骨链	0	1	0	0	0	0	
完美龙骨链	0	1	0	0	0	0	
卓越龙骨链	0	1	0	0	0	0	
传说龙骨链	0	1	0	0	0	0	
史诗龙骨链	0	1	0	0	0	0	
龙骨戒	0	1	0	0	0	0	
精致龙骨戒	0	1	0	0	0	0	
完美龙骨戒	0	1	0	0	0	0	
卓越龙骨戒	0	1	0	0	0	0	
传说龙骨戒	0	1	0	0	0	0	
史诗龙骨戒	0	1	0	0	0	0	
龙骨镯	0	1	0	0	0	0	
精致龙骨镯	0	1	0	0	0	0	
完美龙骨镯	0	1	0	0	0	0	
卓越龙骨镯	0	1	0	0	0	0	
传说龙骨镯	0	1	0	0	0	0	
史诗龙骨镯	0	1	0	0	0	0	
史诗古铜戒指	0	1	0	0	0	0	
史诗牛角戒指	0	1	0	0	0	0	
史诗青铜头盔	0	1	0	0	0	0	
史诗蓝色水晶戒	0	1	0	0	0	0	
史诗黑晶项链	0	1	0	0	0	0	
史诗金项链	0	1	0	0	0	0	
史诗灯笼项链	0	1	0	0	0	0	
史诗魔鬼项链	0	1	0	0	0	0	
史诗坚固手套	0	1	0	0	0	0	
史诗魔力手镯	0	1	0	0	0	0	
史诗黑色水晶戒	0	1	0	0	0	0	
史诗死神手套	0	1	0	0	0	0	
史诗金手镯	0	1	0	0	0	0	
史诗翡翠项链	0	1	0	0	0	0	
史诗骷髅戒指	0	1	0	0	0	0	
史诗珊瑚戒指	0	1	0	0	0	0	
卓越骷髅头盔	0	1	0	0	0	0	
传说骷髅头盔	0	1	0	0	0	0	
史诗骷髅头盔	0	1	0	0	0	0	
卓越幽灵项链	0	1	0	0	0	0	
传说幽灵项链	0	1	0	0	0	0	
史诗幽灵项链	0	1	0	0	0	0	
卓越幽灵手套	0	1	0	0	0	0	
传说幽灵手套	0	1	0	0	0	0	
史诗幽灵手套	0	1	0	0	0	0	
卓越龙之戒指	0	1	0	0	0	0	
传说龙之戒指	0	1	0	0	0	0	
史诗龙之戒指	0	1	0	0	0	0	
卓越黑铁头盔	0	1	0	0	0	0	
传说黑铁头盔	0	1	0	0	0	0	
史诗黑铁头盔	0	1	0	0	0	0	
卓越绿色项链	0	1	0	0	0	0	
传说绿色项链	0	1	0	0	0	0	
史诗绿色项链	0	1	0	0	0	0	
卓越骑士手镯	0	1	0	0	0	0	
传说骑士手镯	0	1	0	0	0	0	
史诗骑士手镯	0	1	0	0	0	0	
卓越阎罗手套	0	1	0	0	0	0	
传说阎罗手套	0	1	0	0	0	0	
史诗阎罗手套	0	1	0	0	0	0	
卓越力量戒指	0	1	0	0	0	0	
传说力量戒指	0	1	0	0	0	0	
史诗力量戒指	0	1	0	0	0	0	
卓越重盔甲(男)	0	1	0	0	0	0	
传说重盔甲(男)	0	1	0	0	0	0	
史诗重盔甲(男)	0	1	0	0	0	0	
卓越重盔甲(女)	0	1	0	0	0	0	
传说重盔甲(女)	0	1	0	0	0	0	
史诗重盔甲(女)	0	1	0	0	0	0	
卓越战神甲(男)	0	1	0	0	0	0	
传说战神甲(男)	0	1	0	0	0	0	
史诗战神甲(男)	0	1	0	0	0	0	
卓越战神甲(女)	0	1	0	0	0	0	
传说战神甲(女)	0	1	0	0	0	0	
史诗战神甲(女)	0	1	0	0	0	0	
天魔神甲	0	1	0	0	0	0	
精致天魔神甲	0	1	0	0	0	0	
完美天魔神甲	0	1	0	0	0	0	
卓越天魔神甲	0	1	0	0	0	0	
传说天魔神甲	0	1	0	0	0	0	
史诗天魔神甲	0	1	0	0	0	0	
圣战宝甲	0	1	0	0	0	0	
精致圣战宝甲	0	1	0	0	0	0	
完美圣战宝甲	0	1	0	0	0	0	
卓越圣战宝甲	0	1	0	0	0	0	
传说圣战宝甲	0	1	0	0	0	0	
史诗圣战宝甲	0	1	0	0	0	0	
史诗罗刹	0	1	0	0	0	0	
史诗八荒	0	1	0	0	0	0	
史诗凌风	0	1	0	0	0	0	
史诗破魂	0	1	0	0	0	0	
史诗斩马刀	0	1	0	0	0	0	
史诗修罗	0	1	0	0	0	0	
史诗凝霜	0	1	0	0	0	0	
卓越井中月	0	1	0	0	0	0	
传说井中月	0	1	0	0	0	0	
史诗井中月	0	1	0	0	0	0	
卓越炼狱	0	1	0	0	0	0	
传说炼狱	0	1	0	0	0	0	
史诗炼狱	0	1	0	0	0	0	
命运之刃	0	1	0	0	0	0	
精致命运之刃	0	1	0	0	0	0	
完美命运之刃	0	1	0	0	0	0	
卓越命运之刃	0	1	0	0	0	0	
传说命运之刃	0	1	0	0	0	0	
史诗命运之刃	0	1	0	0	0	0	
卓越裁决之杖	0	1	0	0	0	0	
传说裁决之杖	0	1	0	0	0	0	
史诗裁决之杖	0	1	0	0	0	0	
怒斩	0	1	0	0	0	0	
屠龙	0	1	0	0	0	0	
精致屠龙	0	1	0	0	0	0	
完美屠龙	0	1	0	0	0	0	
卓越屠龙	0	1	0	0	0	0	
传说屠龙	0	1	0	0	0	0	
史诗屠龙	0	1	0	0	0	0	
圣战头盔	0	1	0	0	0	0	
精致圣战头盔	0	1	0	0	0	0	
完美圣战头盔	0	1	0	0	0	0	
卓越圣战头盔	0	1	0	0	0	0	
传说圣战头盔	0	1	0	0	0	0	
史诗圣战头盔	0	1	0	0	0	0	
圣战项链	0	1	0	0	0	0	
精致圣战项链	0	1	0	0	0	0	
完美圣战项链	0	1	0	0	0	0	
卓越圣战项链	0	1	0	0	0	0	
传说圣战项链	0	1	0	0	0	0	
史诗圣战项链	0	1	0	0	0	0	
圣战手镯	0	1	0	0	0	0	
精致圣战手镯	0	1	0	0	0	0	
完美圣战手镯	0	1	0	0	0	0	
卓越圣战手镯	0	1	0	0	0	0	
传说圣战手镯	0	1	0	0	0	0	
史诗圣战手镯	0	1	0	0	0	0	
圣战戒指	0	1	0	0	0	0	
精致圣战戒指	0	1	0	0	0	0	
完美圣战戒指	0	1	0	0	0	0	
卓越圣战戒指	0	1	0	0	0	0	
传说圣战戒指	0	1	0	0	0	0	
史诗圣战戒指	0	1	0	0	0	0	
史诗六角戒指	0	1	0	0	0	0	
史诗黑檀项链	0	1	0	0	0	0	
史诗魔法头盔	0	1	0	0	0	0	
史诗生铁戒指	0	1	0	0	0	0	
史诗黑檀手镯	0	1	0	0	0	0	
史诗蛇眼戒指	0	1	0	0	0	0	
史诗魅力戒指	0	1	0	0	0	0	
史诗琥珀项链	0	1	0	0	0	0	
史诗白金项链	0	1	0	0	0	0	
史诗放大镜	0	1	0	0	0	0	
卓越生命项链	0	1	0	0	0	0	
传说生命项链	0	1	0	0	0	0	
史诗生命项链	0	1	0	0	0	0	
卓越思贝儿手镯	0	1	0	0	0	0	
传说思贝儿手镯	0	1	0	0	0	0	
史诗思贝儿手镯	0	1	0	0	0	0	
卓越红宝石戒指	0	1	0	0	0	0	
传说红宝石戒指	0	1	0	0	0	0	
史诗红宝石戒指	0	1	0	0	0	0	
卓越恶魔铃铛	0	1	0	0	0	0	
传说恶魔铃铛	0	1	0	0	0	0	
史诗恶魔铃铛	0	1	0	0	0	0	
卓越龙之手镯	0	1	0	0	0	0	
传说龙之手镯	0	1	0	0	0	0	
史诗龙之手镯	0	1	0	0	0	0	
卓越紫碧螺	0	1	0	0	0	0	
传说紫碧螺	0	1	0	0	0	0	
史诗紫碧螺	0	1	0	0	0	0	
卓越魔法袍(男)	0	1	0	0	0	0	
传说魔法袍(男)	0	1	0	0	0	0	
史诗魔法袍(男)	0	1	0	0	0	0	
卓越魔法袍(女)	0	1	0	0	0	0	
传说魔法袍(女)	0	1	0	0	0	0	
史诗魔法袍(女)	0	1	0	0	0	0	
卓越恶魔袍(男)	0	1	0	0	0	0	
传说恶魔袍(男)	0	1	0	0	0	0	
史诗恶魔袍(男)	0	1	0	0	0	0	
卓越恶魔袍(女)	0	1	0	0	0	0	
传说恶魔袍(女)	0	1	0	0	0	0	
史诗恶魔袍(女)	0	1	0	0	0	0	
法神披风	0	1	0	0	0	0	
精致法神披风	0	1	0	0	0	0	
完美法神披风	0	1	0	0	0	0	
卓越法神披风	0	1	0	0	0	0	
传说法神披风	0	1	0	0	0	0	
史诗法神披风	0	1	0	0	0	0	
霓裳羽衣	0	1	0	0	0	0	
精致霓裳羽衣	0	1	0	0	0	0	
完美霓裳羽衣	0	1	0	0	0	0	
卓越霓裳羽衣	0	1	0	0	0	0	
传说霓裳羽衣	0	1	0	0	0	0	
史诗霓裳羽衣	0	1	0	0	0	0	
史诗海魂	0	1	0	0	0	0	
史诗偃月	0	1	0	0	0	0	
卓越魔杖	0	1	0	0	0	0	
传说魔杖	0	1	0	0	0	0	
史诗魔杖	0	1	0	0	0	0	
卓越骨玉权杖	0	1	0	0	0	0	
传说骨玉权杖	0	1	0	0	0	0	
史诗骨玉权杖	0	1	0	0	0	0	
卓越血饮	0	1	0	0	0	0	
传说血饮	0	1	0	0	0	0	
史诗血饮	0	1	0	0	0	0	
龙牙	0	1	0	0	0	0	
嗜魂法杖	0	1	0	0	0	0	
精致嗜魂法杖	0	1	0	0	0	0	
完美嗜魂法杖	0	1	0	0	0	0	
卓越嗜魂法杖	0	1	0	0	0	0	
传说嗜魂法杖	0	1	0	0	0	0	
史诗嗜魂法杖	0	1	0	0	0	0	
法神头盔	0	1	0	0	0	0	
精致法神头盔	0	1	0	0	0	0	
完美法神头盔	0	1	0	0	0	0	
卓越法神头盔	0	1	0	0	0	0	
传说法神头盔	0	1	0	0	0	0	
史诗法神头盔	0	1	0	0	0	0	
法神项链	0	1	0	0	0	0	
精致法神项链	0	1	0	0	0	0	
完美法神项链	0	1	0	0	0	0	
卓越法神项链	0	1	0	0	0	0	
传说法神项链	0	1	0	0	0	0	
史诗法神项链	0	1	0	0	0	0	
法神手镯	0	1	0	0	0	0	
精致法神手镯	0	1	0	0	0	0	
完美法神手镯	0	1	0	0	0	0	
卓越法神手镯	0	1	0	0	0	0	
传说法神手镯	0	1	0	0	0	0	
史诗法神手镯	0	1	0	0	0	0	
法神戒指	0	1	0	0	0	0	
精致法神戒指	0	1	0	0	0	0	
完美法神戒指	0	1	0	0	0	0	
卓越法神戒指	0	1	0	0	0	0	
传说法神戒指	0	1	0	0	0	0	
史诗法神戒指	0	1	0	0	0	0	
史诗玻璃戒指	0	1	0	0	0	0	
史诗黄晶项链	0	1	0	0	0	0	
史诗虎齿项链	0	1	0	0	0	0	
史诗凤凰明珠	0	1	0	0	0	0	
史诗道士手镯	0	1	0	0	0	0	
史诗珍珠戒指	0	1	0	0	0	0	
史诗道德戒指	0	1	0	0	0	0	
史诗竹笛	0	1	0	0	0	0	
卓越道士头盔	0	1	0	0	0	0	
传说道士头盔	0	1	0	0	0	0	
史诗道士头盔	0	1	0	0	0	0	
卓越天珠项链	0	1	0	0	0	0	
传说天珠项链	0	1	0	0	0	0	
史诗天珠项链	0	1	0	0	0	0	
卓越心灵手镯	0	1	0	0	0	0	
传说心灵手镯	0	1	0	0	0	0	
史诗心灵手镯	0	1	0	0	0	0	
卓越铂金戒指	0	1	0	0	0	0	
传说铂金戒指	0	1	0	0	0	0	
史诗铂金戒指	0	1	0	0	0	0	
卓越灵魂项链	0	1	0	0	0	0	
传说灵魂项链	0	1	0	0	0	0	
史诗灵魂项链	0	1	0	0	0	0	
卓越三眼手镯	0	1	0	0	0	0	
传说三眼手镯	0	1	0	0	0	0	
史诗三眼手镯	0	1	0	0	0	0	
卓越泰坦戒指	0	1	0	0	0	0	
传说泰坦戒指	0	1	0	0	0	0	
史诗泰坦戒指	0	1	0	0	0	0	
卓越灵魂衣(男)	0	1	0	0	0	0	
传说灵魂衣(男)	0	1	0	0	0	0	
史诗灵魂衣(男)	0	1	0	0	0	0	
卓越灵魂衣(女)	0	1	0	0	0	0	
传说灵魂衣(女)	0	1	0	0	0	0	
史诗灵魂衣(女)	0	1	0	0	0	0	
卓越幽灵衣(男)	0	1	0	0	0	0	
传说幽灵衣(男)	0	1	0	0	0	0	
史诗幽灵衣(男)	0	1	0	0	0	0	
卓越幽灵衣(女)	0	1	0	0	0	0	
传说幽灵衣(女)	0	1	0	0	0	0	
史诗幽灵衣(女)	0	1	0	0	0	0	
天尊道袍	0	1	0	0	0	0	
精致天尊道袍	0	1	0	0	0	0	
完美天尊道袍	0	1	0	0	0	0	
卓越天尊道袍	0	1	0	0	0	0	
传说天尊道袍	0	1	0	0	0	0	
史诗天尊道袍	0	1	0	0	0	0	
天师长袍	0	1	0	0	0	0	
精致天师长袍	0	1	0	0	0	0	
完美天师长袍	0	1	0	0	0	0	
卓越天师长袍	0	1	0	0	0	0	
传说天师长袍	0	1	0	0	0	0	
史诗天师长袍	0	1	0	0	0	0	
史诗半月	0	1	0	0	0	0	
史诗降魔	0	1	0	0	0	0	
卓越银蛇	0	1	0	0	0	0	
传说银蛇	0	1	0	0	0	0	
史诗银蛇	0	1	0	0	0	0	
卓越无极棍	0	1	0	0	0	0	
传说无极棍	0	1	0	0	0	0	
史诗无极棍	0	1	0	0	0	0	
卓越龙纹剑	0	1	0	0	0	0	
传说龙纹剑	0	1	0	0	0	0	
史诗龙纹剑	0	1	0	0	0	0	
逍遥扇	0	1	0	0	0	0	
天尊头盔	0	1	0	0	0	0	
精致天尊头盔	0	1	0	0	0	0	
完美天尊头盔	0	1	0	0	0	0	
卓越天尊头盔	0	1	0	0	0	0	
传说天尊头盔	0	1	0	0	0	0	
史诗天尊头盔	0	1	0	0	0	0	
天尊项链	0	1	0	0	0	0	
精致天尊项链	0	1	0	0	0	0	
完美天尊项链	0	1	0	0	0	0	
卓越天尊项链	0	1	0	0	0	0	
传说天尊项链	0	1	0	0	0	0	
史诗天尊项链	0	1	0	0	0	0	
天尊手镯	0	1	0	0	0	0	
精致天尊手镯	0	1	0	0	0	0	
完美天尊手镯	0	1	0	0	0	0	
卓越天尊手镯	0	1	0	0	0	0	
传说天尊手镯	0	1	0	0	0	0	
史诗天尊手镯	0	1	0	0	0	0	
天尊戒指	0	1	0	0	0	0	
精致天尊戒指	0	1	0	0	0	0	
完美天尊戒指	0	1	0	0	0	0	
卓越天尊戒指	0	1	0	0	0	0	
传说天尊戒指	0	1	0	0	0	0	
史诗天尊戒指	0	1	0	0	0	0	
终极衣服(男)	0	1	0	0	0	0	
终极衣服(女)	0	1	0	0	0	0	
终极神器	0	1	0	0	0	0	
玄金扇	0	1	0	0	0	0	
精致玄金扇	0	1	0	0	0	0	
完美玄金扇	0	1	0	0	0	0	
卓越玄金扇	0	1	0	0	0	0	
传说玄金扇	0	1	0	0	0	0	
史诗玄金扇	0	1	0	0	0	0	
神话屠龙	0	1	0	0	0	0	
神话嗜魂法杖	0	1	0	0	0	0	
神话玄金扇	0	1	0	0	0	0	
神话天魔神甲	0	1	0	0	0	0	
神话圣战宝甲	0	1	0	0	0	0	
神话法神披风	0	1	0	0	0	0	
神话霓裳羽衣	0	1	0	0	0	0	
神话天尊道袍	0	1	0	0	0	0	
神话天师长袍	0	1	0	0	0	0	
神话圣战头盔	0	1	0	0	0	0	
神话圣战项链	0	1	0	0	0	0	
神话圣战手镯	0	1	0	0	0	0	
神话圣战戒指	0	1	0	0	0	0	
神话法神头盔	0	1	0	0	0	0	
神话法神项链	0	1	0	0	0	0	
神话法神手镯	0	1	0	0	0	0	
神话法神戒指	0	1	0	0	0	0	
神话天尊头盔	0	1	0	0	0	0	
神话天尊项链	0	1	0	0	0	0	
神话天尊手镯	0	1	0	0	0	0	
神话天尊戒指	0	1	0	0	0	0	
麻痹戒指+1	0	1	0	0	0	0	
复活戒指+1	0	1	0	0	0	0	
护身戒指+1	0	1	0	0	0	0	
麻痹戒指+2	0	1	0	0	0	0	
复活戒指+2	0	1	0	0	0	0	
护身戒指+2	0	1	0	0	0	0	
麻痹戒指+3	0	1	0	0	0	0	
复活戒指+3	0	1	0	0	0	0	
护身戒指+3	0	1	0	0	0	0	
麻痹戒指+4	0	1	0	0	0	0	
复活戒指+4	0	1	0	0	0	0	
护身戒指+4	0	1	0	0	0	0	
麻痹戒指+5	0	1	0	0	0	0	
复活戒指+5	0	1	0	0	0	0	
护身戒指+5	0	1	0	0	0	0	
麻痹戒指(神话)	0	1	0	0	0	0	
复活戒指(神话)	0	1	0	0	0	0	
护身戒指(神话)	0	1	0	0	0	0	
