[@半兽人洞]
{
;X┄┄┄┄[
;┆兽人古墓┆
;^┄┄┄┄a
D001	200	200	半兽人		200	10	5
D001	200	200	半兽战士	200	10	5
D001	200	200	半兽人		200	10	5
D001	200	200	半兽战士	200	10	5
D001	200	200	半兽人		200	10	5
D001	200	200	半兽战士	200	10	5
D001	200	200	半兽人		200	20	5
D001	200	200	半兽战士	200	20	5
D001	200	200	半兽人		200	20	5
D001	200	200	半兽战士	200	20	5
D001	200	200	半兽人		200	20	5
D001	200	200	半兽战士	200	20	5
D001	200	200	半兽人		200	20	5
D001	200	200	半兽战士	200	20	5
D001	200	200	半兽人		200	20	5
D001	200	200	半兽战士	200	20	5
D001	200	200	半兽人		200	20	5
D001	200	200	半兽战士	200	20	5
D001	200	200	半兽人		200	20	5
D001	200	200	半兽战士	200	20	5
D001	200	200	半兽人		200	20	5
D001	200	200	半兽战士	200	20	5
D001	200	200	半兽人		200	20	5
D001	200	200	半兽战士	200	20	5
D001	200	200	半兽人		200	20	5
D001	200	200	半兽战士	200	20	5
D001	200	200	半兽人		200	20	5
D001	200	200	半兽战士	200	20	5
D001	200	200	半兽人		200	20	5
D001	200	200	半兽战士	200	20	5
D001	200	200	半兽人		200	20	5
D001	200	200	半兽战士	200	20	5
D001	200	200	半兽勇士	200	10	5
D001	200	200	半兽人宝宝	200	10	5
D001	200	200	半兽战士宝宝	200	10	5
D001	200	200	半兽勇士宝宝	200	10	5
D001	200	200	半兽人宝宝	200	10	5
D001	200	200	半兽战士宝宝	200	10	5
D001	200	200	半兽勇士宝宝	200	10	5
D001	200	200	半兽人宝宝	200	10	5
D001	200	200	半兽战士宝宝	200	10	5
D001	200	200	半兽勇士宝宝	200	10	5
D001	200	200	半兽勇士	200	10	5
D001	200	200	半兽勇士	200	10	5
D001	200	200	半兽勇士	200	10	5
D001	200	200	半兽勇士	200	10	5
D001	200	200	半兽统领	200	10	10
D001	200	200	半兽人精英	200	20	10
D001	200	200	半兽战士精英	200	20	10
D001	200	200	半兽勇士精英	200	20	10
D001	200	200	半兽人精英	200	20	10
D001	200	200	半兽战士精英	200	20	10
D001	200	200	半兽勇士精英	200	20	10
D001	200	200	半兽勇士统帅	200	10	30


D002	200	200	半兽人		200	10	5
D002	200	200	半兽战士	200	10	5
D002	200	200	半兽勇士	200	10	5
D002	200	200	半兽人		200	10	5
D002	200	200	半兽战士	200	10	5
D002	200	200	半兽勇士	200	10	5
D002	200	200	半兽人		200	10	5
D002	200	200	半兽战士	200	10	5
D002	200	200	半兽勇士	200	10	5
D002	200	200	半兽人		200	10	5
D002	200	200	半兽战士	200	10	5
D002	200	200	半兽勇士	200	10	5
D002	200	200	半兽人		200	10	5
D002	200	200	半兽战士	200	10	5
D002	200	200	半兽勇士	200	10	5
D002	200	200	半兽人宝宝	200	10	5
D002	200	200	半兽战士宝宝	200	10	5
D002	200	200	半兽勇士宝宝	200	10	5
D002	200	200	半兽人宝宝	200	10	5
D002	200	200	半兽战士宝宝	200	10	5
D002	200	200	半兽勇士宝宝	200	10	5
D002	200	200	半兽人宝宝	200	10	5
D002	200	200	半兽战士宝宝	200	10	5
D002	200	200	半兽勇士宝宝	200	10	5
D002	200	200	半兽人精英	200	10	10
D002	200	200	半兽战士精英	200	10	10
D002	200	200	半兽勇士精英	200	10	10
D002	200	200	半兽人精英	200	10	10
D002	200	200	半兽战士精英	200	10	10
D002	200	200	半兽勇士精英	200	10	10
D002	200	200	半兽人精英	200	10	10
D002	200	200	半兽战士精英	200	10	10
D002	200	200	半兽勇士精英	200	10	10
D002	200	200	半兽人精英	200	10	10
D002	200	200	半兽战士精英	200	10	10
D002	200	200	半兽勇士精英	200	10	10
D002	200	200	半兽人精英	200	10	10
D002	200	200	半兽战士精英	200	10	10
D002	200	200	半兽勇士精英	200	10	10
D002	200	200	半兽统领	200	10	10
D002	200	200	半兽勇士统帅	200	10	30

DM002	18	16	半兽勇士统帅	1	2	30
DM002	11	24	半兽人精英	20	10	10
DM002	11	24	半兽战士精英	20	10	10
DM002	11	24	半兽勇士精英	20	10	10
DM002	17	10	半兽统领	20	5	10
DM002	24	18	半兽统领	20	5	10


D003	200	200	半兽人		200	10	5
D003	200	200	半兽战士	200	10	5
D003	200	200	半兽勇士	200	10	5
D003	200	200	半兽人		200	10	5
D003	200	200	半兽战士	200	10	5
D003	200	200	半兽勇士	200	10	5
D003	200	200	半兽人		200	10	5
D003	200	200	半兽战士	200	10	5
D003	200	200	半兽勇士	200	10	5
D003	200	200	半兽人宝宝	200	10	5
D003	200	200	半兽战士宝宝	200	10	5
D003	200	200	半兽勇士宝宝	200	10	5
D003	200	200	半兽人宝宝	200	10	5
D003	200	200	半兽战士宝宝	200	10	5
D003	200	200	半兽勇士宝宝	200	10	5
D003	200	200	半兽人宝宝	200	10	5
D003	200	200	半兽战士宝宝	200	10	5
D003	200	200	半兽勇士宝宝	200	10	5
D003	200	200	半兽人精英	200	10	10
D003	200	200	半兽战士精英	200	10	10
D003	200	200	半兽勇士精英	200	10	10
D003	200	200	半兽人精英	200	10	10
D003	200	200	半兽战士精英	200	10	10
D003	200	200	半兽勇士精英	200	10	10
D003	200	200	半兽人精英	200	10	10
D003	200	200	半兽战士精英	200	10	10
D003	200	200	半兽勇士精英	200	10	10
D003	200	200	半兽人精英	200	10	10
D003	200	200	半兽战士精英	200	10	10
D003	200	200	半兽勇士精英	200	10	10
D003	200	200	半兽人精英	200	10	10
D003	200	200	半兽战士精英	200	10	10
D003	200	200	半兽勇士精英	200	10	10
D003	200	200	半兽统领	200	10	10
D003	200	200	半兽勇士统帅	200	10	30
D003	200	200	半兽人精英	200	10	10
D003	200	200	半兽战士精英	200	10	10
D003	200	200	半兽勇士精英	200	10	10
D003	200	200	半兽人精英	200	10	10
D003	200	200	半兽战士精英	200	10	10
D003	200	200	半兽勇士精英	200	10	10
D003	200	200	半兽人精英	200	10	10
D003	200	200	半兽战士精英	200	10	10
D003	200	200	半兽勇士精英	200	10	10
D003	200	200	半兽人精英	200	10	10
D003	200	200	半兽战士精英	200	10	10
D003	200	200	半兽勇士精英	200	10	10
D003	200	200	半兽人精英	200	10	10
D003	200	200	半兽战士精英	200	10	10
D003	200	200	半兽勇士精英	200	10	10
D003	200	200	半兽统领	200	10	10
D003	200	200	半兽勇士统帅	200	10	30
;-----------------------------------------------------------
;-----------------------------------------------------------
;-----------------------------------------------------------
;X┄┄[
;┆洞穴┆
;^┄┄a
D011	200	200	骷髅		200	10	5
D011	200	200	骷髅战士	200	10	5
D011	200	200	骷髅		200	10	5
D011	200	200	骷髅战士	200	10	5
D011	200	200	骷髅		200	10	5
D011	200	200	骷髅战士	200	10	5
D011	200	200	骷髅		200	10	5
D011	200	200	骷髅战士	200	10	5
D011	200	200	骷髅		200	10	5
D011	200	200	骷髅战士	200	10	5
D011	200	200	骷髅		200	10	5
D011	200	200	骷髅战士	200	10	5
D011	200	200	骷髅		200	10	5
D011	200	200	骷髅战士	200	10	5
D011	200	200	骷髅		200	10	5
D011	200	200	骷髅战士	200	10	5
D011	200	200	骷髅		200	10	5
D011	200	200	骷髅战士	200	10	5
D011	200	200	骷髅		200	10	5
D011	200	200	骷髅战士	200	10	5
D011	200	200	骷髅战士宝宝	200	10	5
D011	200	200	骷髅战士宝宝	200	10	5
D011	200	200	骷髅战士宝宝	200	10	5
D011	200	200	掷斧骷髅宝宝	200	10	5
D011	200	200	掷斧骷髅宝宝	200	10	5
D011	200	200	掷斧骷髅宝宝	200	10	5
D011	200	200	掷斧骷髅	200	10	5
D011	200	200	掷斧骷髅	200	10	5
D011	200	200	掷斧骷髅	200	10	5
D011	200	200	掷斧骷髅	200	10	5
D011	200	200	掷斧骷髅	200	10	5
D011	200	200	骷髅精英	200	20	10
D011	200	200	骷髅战士精英	200	20	10
D011	200	200	掷斧骷髅精英	200	20	10
D011	200	200	骷髅精英	200	20	5
D011	200	200	骷髅战士精英	200	20	10
D011	200	200	掷斧骷髅精英	200	20	10
D011	200	200	骷髅战将	200	20	5
D011	200	200	骷髅战将精英	200	20	10
D011	200	200	骷髅战将宝宝	200	10	10
D011	200	200	骷髅精灵	200	30	10
D011	200	200	骷髅精灵宝宝	200	10	10
D011	200	200	狂暴精灵	200	20	30

D012	200	200	骷髅		200	10	5
D012	200	200	骷髅战士	200	10	5
D012	200	200	骷髅战将	200	10	5
D012	200	200	掷斧骷髅	200	10	5
D012	200	200	骷髅		200	10	5
D012	200	200	骷髅战士	200	10	5
D012	200	200	骷髅战将	200	10	5
D012	200	200	掷斧骷髅	200	10	5
D012	200	200	骷髅		200	10	5
D012	200	200	骷髅战士	200	10	5
D012	200	200	骷髅战将	200	10	5
D012	200	200	掷斧骷髅	200	10	5
D012	200	200	骷髅		200	10	5
D012	200	200	骷髅战士	200	10	5
D012	200	200	骷髅战将	200	10	5
D012	200	200	掷斧骷髅	200	10	5
D012	200	200	骷髅		200	10	5
D012	200	200	骷髅战士	200	10	5
D012	200	200	骷髅战将	200	10	5
D012	200	200	掷斧骷髅	200	10	5

D012	200	200	骷髅精灵	200	10	10
D012	200	200	骷髅精灵宝宝	200	10	10
D012	200	200	狂暴精灵	200	20	30
D012	200	200	骷髅精灵	200	50	10
D012	200	200	骷髅精灵	200	50	10
D012	200	200	骷髅精灵宝宝	200	10	10
D012	200	200	狂暴精灵	200	20	30

D012	200	200	骷髅精英	200	10	10
D012	200	200	骷髅战士精英	200	10	10
D012	200	200	骷髅战士宝宝	200	10	10
D012	200	200	骷髅战将精英	200	10	10
D012	200	200	骷髅战将宝宝	200	10	10
D012	200	200	掷斧骷髅精英	200	10	10
D012	200	200	掷斧骷髅宝宝	200	10	10
D012	200	200	骷髅精英	200	20	10
D012	200	200	骷髅战士精英	200	10	10
D012	200	200	骷髅战士宝宝	200	10	10
D012	200	200	骷髅战将精英	200	10	10
D012	200	200	骷髅战将宝宝	200	10	10
D012	200	200	掷斧骷髅精英	200	10	10
D012	200	200	掷斧骷髅宝宝	200	10	10
D012	200	200	骷髅精英	200	10	10
D012	200	200	骷髅战士精英	200	10	10
D012	200	200	骷髅战士宝宝	200	10	10
D012	200	200	骷髅战将精英	200	10	10
D012	200	200	骷髅战将宝宝	200	10	10
D012	200	200	掷斧骷髅精英	200	10	10
D012	200	200	掷斧骷髅宝宝	200	10	10

}