[@ħ]
{
4	322	334	սʿ	90	40	5
4	322	334	ʿ	90	20	7
4	322	334	ʿ	90	10	7
4	322	334	ʿ	90	5	60
4	322	334			90	20	5
4	322	334	սʿ	90	20	5
4	322	334	ս	90	20	5
4	322	334		90	20	5
4	348	190	սʿ	90	40	5
4	348	190	ʿ	90	20	7
4	348	190	ʿ	90	10	7
4	348	190	ʿ	90	5	60
4	348	190			90	20	5
4	348	190	սʿ	90	20	5
4	348	190	ս	90	20	5
4	348	190		90	20	5
4	348	190	ñ	90	5       30
4	107	138	սʿ	90	40	5
4	107	138	ʿ	90	20	7
4	107	138	ʿ	90	10	7
4	107	138	ʿ	90	5	60
4	107	138			90	20	5
4	107	138	սʿ	90	20	5
4	107	138	ս	90	20	5
4	107	138		90	20	5
4	126	311	սʿ	90	40	5
4	126	311	ʿ	90	20	7
4	126	311	ʿ	90	10	7
4	126	311	ʿ	90	5	60
4	126	311			90	20	5
4	126	311	սʿ	90	20	5
4	126	311	ս	90	20	5
4	126	311		90	20	5
4	199	99			50	20	6
4	199	99	սʿ	50	20	6
4	199	99	ս	50	20	6
4	199	99		50	20	6
4	274	259			15	4	6
4	274	259	սʿ	15	4	6
4	274	259	ս	15	4	6
4	274	259		15	4	6
4	274	259	ʬ2		15	4	6
4	170	267			15	4	6
4	170	267	սʿ	15	4	6
4	170	267	ս	15	4	6
4	170	267		15	4	6
4	170	267	ʬ1		15	4	6
4	289	154			15	4	6
4	289	154	սʿ	15	4	6
4	289	154	ս	15	4	6
4	289	154		15	4	6
4	289	154	ʬ2		15	4	6
4	443	192	ʿ	20	5	7
4	443	192	սʿ	20	10	7
4	443	192	սʿ	20	5	7
4	443	192			20	5	7
4	443	192		20	5	7
4	73	85	ʿ	20	10	7
4	73	85	ʿ	20	5	7
4	73	85	ս	20	5	7
4	73	85	ʬ1		20	5	7
4	73	85	ʬ2		20	5	7
4	322	334	սʿ	80	4	15
4	348	190	ʿ	80	2	25
4	107	138	ʬ20		80	4	15
4	126	311	սʿ	80	4	15
4	322	334	ս	65	4	15
4	348	190		65	4	15
4	107	138			65	4	15
4	443	192	սʿ	20	2	15
4	73	85	ʬ10		20	2	15
4	107	138	þ	80	2	60
4	322	334	ͳ	80	2	60

4	123	404	ǧ	0	1	120

B341	21	25	ʿ	20	2	10
B341	348	190	ʿ	90	2	10

4	322	334	˾Ӣ	90	2	50
4	322	334	սʿ	90	2	50
4	348	190			90	2	50
4	348	190	սʿӢ	90	2	50
4	107	138	þӢ	90	2	70
4	107	138		90	2	50
4	107	138	ñ	90	5	30
4	107	138	սʿӢ	90	2	50
4	126	311	ս	90	2	50
4	126	311	ʿӢ	90	2	50
4	126	311	ʿ	90	5	60
4	199	99	սӢ	50	2	60
4	199	99	ʿ	50	2	60
4	289	154	սӢ	100	4	60
4	289	154	þ	100	4	60
4	443	192	ʿͳ˧	100	1	140
4	73	85	ʿ	100	3	70
4	73	85	׵罩ʬ	100	5	70
4	73	85	׵罩ʬ	100	5	70
4	322	334	սʿӢ	100	4	15
4	348	190	ʿӢ	80	2	25
4	107	138	þ	80	2	60
4	322	334	ͳ	80	2	120
;-----------------------------------------------------------
;X[
;ħ
;^a
D2001	238	120	ʬ1		200	20	15
D2001	238	120	ʬ2		200	50	15
D2001	238	120	ʬ3		200	30	15
D2001	238	120	ʬ4		200	30	15
D2001	238	120	ʬ5		200	30	15
D2001	136	78	ʬ1		100	10	17
D2001	136	78	ʬ2		100	40	17
D2001	136	78	ʬ3		100	20	17
D2001	136	78	ʬ4		100	20	17
D2001	136	78	ʬ5		100	20	17
D2001	136	78	ʬ1		100	10	16
D2001	136	78	ʬ2		100	40	16
D2001	136	78	ʬ3		100	20	16
D2001	136	78	ʬ4		100	20	16
D2001	136	78	ʬ5		100	20	16
D2001	50	98	ʬ1		40	10	15
D2001	50	98	ʬ2		40	30	15
D2001	50	98	ʬ3		40	10	15
D2001	50	98	ʬ4		40	10	15
D2001	50	98	ʬ5		40	10	15
D2001	238	120	ʬ10		200	3	15
D2001	238	120	ʬ20		200	3	15
D2001	238	120	ʬ30		100	3	15
D2001	136	78	ʬ40		300	3	15
D2001	136	78	ʬ50		300	3	15
D2001	29	99	ʬ		50	3	10
D2001	100	100	׵罩ʬ	200	4	10
D2001	100	100    ׵罩ʬ	200	5	10
D2001	100	100	׵罩ʬ	200	4	10
D2001	100	100	Ӣ	200	8	15
D2001	100	100	ֽʬ	200	4	10
D2001	100	100	ֽʬ	200	8	10
D2001	100	100	ֽʬ	200	4	10

D2002	21	23	ʬ1		10	5	15
D2002	21	23	ʬ2		10	10	15
D2002	21	23	ʬ3		10	10	15
D2002	21	23	ʬ4		10	10	15
D2002	21	23	ʬ5		10	10	15
D2002	21	23	ʬ		10	5	15
D2002	33	15	ʬ		5	5	10
D2002	33	15	ʬ	5	2	30
D2002	21	23	    	10	3	18
D2002	21	23	׵罩ʬ	10	5	18
D2002	21	21    ׵罩ʬ	10	5	70
D2002	21	23	׵罩ʬ	10	5	18
D2002	21	23   ׵罩ʬ	10	5	70
D2002	21	23	Ӣ	10	2	18
D2002	21	23	ֽʬ	10	5	18
D2002	21     23	ֽʬ	20	8	10
D2002	21	23	ֽʬ	10	5	18


D2003	131	154	Ұ		150	70	18
D2003	131	154	Ұ		150	70	18
D2003	131	154	ɫ	150	80	18
D2003	96	128	Ұ		180	10	20
D2003	96	128	Ұ		180	10	20
D2003	96	128	ɫ	180	10	20

D2003	100	100	ҰӢ	100	10	50
D2003	100	100	Ұ	100	10	60
D2003	100	100	Ұ	100	1	50
D2003	100	100	ҰӢ	100	10	50
D2003	100	100	Ұ	100	10	60
D2003	100	100	Ұ	100	1	50
D2003	100	100	ɫӢ	100	10	50
D2003	100	100	ɫӢ	100	10	50
D2003	100	100	ɫ	100	10	50
D2003	100	100	Ш꾫Ӣ	100	2	50
D2003	100	100	Ш걦	100	5	70

D2003	100	100	Ұ		100	20	50
D2003	100	100	Ы	100	2	30
D2003	100	100	Ы߾Ӣ	100	8	30
D2003	100	100	Ы߱	100	5	40

D2004	49	44	Ұ		100	40	10
D2004	49	44	Ұ		100	40	10
D2004	49	44	ɫ	100	60	10
D2004	49	44	Ұ		100	20	20
D2004	49	44	Ұ		100	20	20
D2004	49	44	ɫ	100	20	20

D2004	25	25	ҰӢ	100	9	50
D2004	25	25     Ұ	100	10	60
D2004	25	25	Ұ	100	1	50
D2004	25	25	ҰӢ	100	9	50
D2004	25	25     Ұ	100	10	60
D2004	25	25	Ұ	100	1	50
D2004	25	25	ɫӢ	100	9	50
D2004  25     25	ɫ	100	10	50
D2004	25	25	Ш꾫Ӣ	100	2	50
D2004	25     25	Ш걦	100	5	70
D2004	25	25	Ұ		100	20	50
D2004	25	25	Ы	100	2	30
D2004	25	25	Ы߾Ӣ	100	9	30
D2004	25     25	Ы߱	100	5	40

D2005	41	44	Ұ		100	40	10
D2005	41	44	Ұ		100	40	10
D2005	41	44	ɫ	100	60	10
D2005	41	44	Ұ		100	5	10
D2005	41	44	Ұ		100	5	10
D2005	41	44	Ұ		100	2	20
D2005	41	44	Ұ		100	2	20
D2005	41	44	ɫ	100	4	20

D2005	25	25	ҰӢ	100	9	50
D2005	25	25     Ұ	100	10	60
D2005	25	25	Ұ	100	1	50
D2005	25	25	ҰӢ	100	9	50
D2005	25	25     Ұ	100	10	60
D2005	25	25	Ұ	100	1	50
D2005	25	25	ɫӢ	100	9	50
D2005  25     25	ɫ	100	10	50
D2005	25	25	Ш꾫Ӣ	100	2	50
D2005	25     25	Ш걦	100	5	70
D2005	25	25	Ұ		100	20	50
D2005	25	25	Ы	100	2	30
D2005	25	25	Ы߾Ӣ	100	9	30
D2005	25     25	Ы߱	100	5	40

D2006	31	38	Ұ		100	40	10
D2006	31	38	Ұ		100	40	10
D2006	31	38	ɫ	100	60	10
D2006	31	38	Ұ		100	10	20
D2006	31	38	Ұ	100	5	120
D2006	31	38	Ӭ		100	3	10
D2006	31	38	Ұ		100	10	10
D2006	31	38	Ұ		100	10	10
D2006	31	38	Ұ		100	2	20
D2006	31	38	Ұ		100	2	20
D2006	31	38	ɫ	100	4	20
D2006	31	38	Ұ		100	10	60
D2006	31	38	Ұ		100	10	60


D2006	25	25	ҰӢ	100	9	50
D2006	25	25     Ұ	100	10	60
D2006	25	25	Ұ	100	1	50
D2006	25	25	ҰӢ	100	9	50
D2006	25	25     Ұ	100	10	60
D2006	25	25	Ұ	100	1	50
D2006	25	25	ɫӢ	100	8	50
D2006  25     25	ɫ	100	10	50
D2006	25	25	Ш꾫Ӣ	100	2	50
D2006	25     25	Ш걦	100	5	70
D2006	25	25	Ұ		100	20	50
D2006	25	25	Ы	100	2	30
D2006	25	25	Ы߾Ӣ	100	9	30
D2006	25     25	Ы߱	100	5	40


D2007	140	135	Ұ		200	30	10
D2007	140	135	Ұ		200	30	10
D2007	140	135	Ұ		200	15	20
D2007	140	135	Ұ	200	5	120
D2007	140	135	ɫ	200	60	10
D2007	140	135	Ӭ		200	3	10
D2007	140	135	Ұ		200	10	10
D2007	140	135	Ұ		200	10	10
D2007	140	135	Ұ		200	2	20
D2007	140	135	Ұ	200	2	20
D2007	140	135	Ұ		200	10	60
D2007	140	135	Ұ	200	5	120
D2007	140	135	Ұ		200	10	60
D2007	140	135	ɫ	200	2	20
D2007	140	135	ħӢ	200	3	180
D2007	140	135	ħ	200	2	90
D2007	140	135	ħ	200	2	90

D2007	25	25	ҰӢ	25	5	50
D2007	25	25     Ұ	25	10	60
D2007	25	25	Ұ	25	1	50
D2007	25	25	ҰӢ	25	5	50
D2007	25	25     Ұ	25	10	60
D2007	25	25	Ұ	25	1	50
D2007	25	25	ɫӢ	25	8	50
D2007  25     25	ɫ	25	10	50
D2007	25	25	Ш꾫Ӣ	25	2	50
D2007	25     25	Ш걦	25	5	70
D2007	25	25	Ұ		25	20	50
D2007	25	25	Ы	25	2	30
D2007	25	25	Ы߾Ӣ	25	5	30
D2007	25     25	Ы߱	25	5	40



D2008	41	74	Ұ		200	30	10
D2008	41	74	Ұ		200	30	10
D2008	41	74	Ұ		200	15	20
D2008	41	74	Ұ	200	5	120
D2008	41	74	ɫ	200	60	10
D2008	41	74	Ӭ		100	3	7
D2008	41	74	ħ	100	3	30
D2008	41	74	Ұ		100	1	20
D2008	41	74	Ұ		100	1	20
D2008	41	74	Ұ		100	20	40
D2008	41	74	ɫ	100	2	20
D2008	41	74	ħ	100	1	30
D2008	41	74	Ұ	        100	20	30
D2008	41	74	Ұ	        100	10	10
D2008	41	74	ħӢ	200	3	30
D2008	41	74	ħ	200	2	30


D2008	25	25	ҰӢ	25	9	50
D2008	25	25     Ұ	25	10	60
D2008	25	25	Ұ	25	1	50
D2008	25	25	ҰӢ	25	9	50
D2008	25	25     Ұ	25	10	60
D2008	25	25	Ұ	25	1	50
D2008	25	25	ɫӢ	25	12	50
D2008  25     25	ɫ	25	10	50
D2008	25	25	Ш꾫Ӣ	25	2	50
D2008	25     25	Ш걦	25	5	70
D2008	25	25	Ұ		25	20	50
D2008	25	25	Ы	25	2	30
D2008	25	25	Ы߾Ӣ	25	9	30
D2008	25     25	Ы߱	25	5	40


D2009	41	44	Ұ		100	20	15
D2009	41	44	Ұ		100	20	15
D2009	41	44	Ұ 	100	20	15
D2009	41	44	Ұ	100	5	120
D2009	41	44	ɫ	100	40	15
D2009	41	44	Ӭ		100	2	15
D2009	41	44	Ы		100	60	15
D2009	41	44	Ұ		100	15	15
D2009	41	44	Ұ		100	15	15
D2009	41	44	Ұ		100	1	20
D2009	41	44	Ұ		100	1	20
D2009	41	44	Ұ 	100	1	40
D2009	41	44	ɫ	100	2	20
D2009	41	44	Ы		100	2	20
D2009	41	44	а	100	1	30
D2009	41	44	а߱	100	2	30
D2009	41	44	а߾Ӣ	100	2	30
D2009	41	44	а	100	1	30
D2009	41	44	а	100	1	30
D2009	41	74	Ұ  	100	20	30
D2009	25	25	ҰӢ	100	5	50
D2009	25	25     Ұ	100	10	60
D2009	25	25	Ұ	100	1	50
D2009	25	25	ҰӢ	100	5	50
D2009	25	25     Ұ	100	10	60
D2009	25	25	Ұ	100	1	50
D2009	25	25	ɫӢ	100	4	50
D2009  25     25	ɫ  100	10	50
D2009	25	25	Ш꾫Ӣ	100	2	50
D2009	25     25	Ш걦	25	5	70
D2009	25	25	Ұ		100	20	50
D2009	25	25	Ы	100	2	30
D2009	25	25	Ы߾Ӣ	100	4	30
D2009	25     25	Ы߱	100	5	40


D2010	155	231	Ұ		200	40	10
D2010	155	231	Ұ		200	40	10
D2010	155	231	Ұ		200	20	20
D2010	155	231	Ұ	200	5	120
D2010	155	231	ɫ	200	80	10
D2010	155	231	Ы		200	40	15
D2010	155	231	Ӭ		200	3	10
D2010	155	231	Ұ		200	5	10
D2010	155	231	Ұ		200	5	10
D2010	155	231	Ұ		200	2	20
D2010	155	231	Ұ		200	2	20
D2010	155	231	Ұ		200	2	40
D2010	155	231	ɫ	200	2	20
D2010	155	231	Ы		200	2	20
D2010	155	231	ħЫ	200	1	30
D2010	155	231	ħ	200	1	30
D2010	155	231	ħЫӢ	200	2	30
D2010	155	231	ħ	200	1	30
D2010	155	231	а	200	1	30
D2010	155	231	а߾Ӣ	200	2	30
D2010	155	231	а߱	100	2	30
D2010	155	231	а	200	1	30
D2010	155	231	а	200	1	30
D2010	155	231	Ұ  	200	20	30

D2010	155	231	ҰӢ	200	4	50
D2010	155	231    Ұ	200	10	60
D2010	155	231	Ұ	200	1	50
D2010	155	231	ҰӢ	200	5	50
D2010	155	231    Ұ	200	10	60
D2010	155	231	Ұ	200	1	50
D2010	155	231	ɫӢ	200	4	50
D2010  155    231	ɫ	200	10	50
D2010	155	231	Ш꾫Ӣ	200	2	50
D2010	155    231	Ш걦	200	5	70
D2010	155	231	Ұ		200	20	50
D2010	155	231	Ы	200	2	30
D2010	155	231	Ы߾Ӣ	200	5	30
D2010	155    231	Ы߱	200	5	40


D2011	32	31	Ұ		80	30	15
D2011	32	31	Ұ		80	30	15
D2011	32	31	Ұ		80	10	15
D2011	32	31	Ұ	80	5	30
D2011	32	31	Ӭ		80	3	10
D2011	32	31	Ы		80	40	10
D2011	32	31	ħ	80	1	25
D2011	32	31	Ұ		80	10	15
D2011	32	31	Ұ		80	10	15
D2011	32	31	Ш		80	40	10
D2011	32	31	Ұ		80	2	20
D2011	32	31	Ұ		80	10	30
D2011	32	31	а	80	1	30
D2011	32	31	а߱	80	2	100
D2011	32	31	Ы		80	2	20
D2011	32	31	ħЫ	80	1	30

D2011	32	31	ħЫ	80	1	30
D2011	32	31	ħЫ	80	1	30
D2011	32	31	ħЫӢ	80	2	30
D2011	32	31	а	80	1	30
D2011	32	31	а߾Ӣ	80	2	30
D2011	32	31	а	80	1	30
D2011	32	31	а	80	1	30
D2011	32	31	Ұ  	80	20	30




D2012	48	47		70	25	15
D2012	48	47	ʿ	70	25	15
D2012	48	47	깭	70	25	10
D2012	48	47	Ш		70	40	10
D2012	48	47	Ӭ		70	3	10
D2012	48	47			70	20	10
D2012	48	47	Ұ		70	20	10
D2012	48	47	Ұ		70	20	10
D2012	48	47	Ұ		70	10	10
D2012	48	47	Ұ	70	5	120
D2012	48	47	Ы		70	20	10
D2012	48	47	Ұ		70	5	10
D2012	48	47	Ұ		70	5	10
D2012	48	47		70	5	20
D2012	48	47	ʿ	70	5	20
D2012	48	47	깭	70	10	15
D2012	48	47		60	2	30
D2012	48	47	ʿ	60	2	30
D2012	48	47	깭	60	2	30
D2012	48	47	Ш		60	4	20
D2012	48	47			60	4	20
D2012	48	47	Ұ		70	2	10
D2012	48	47	Ұ		70	2	10
D2012	48	47	Ұ		70	2	30
D2012	48	47	Ы		70	2	10
D2012	48	47	а	70	1	30
D2012	48	47	а߱	70	2	100

D2012	48	231	ħЫ	200	10	30
D2012	48	231	ħЫ	200	10	30
D2012	48	231	ħЫӢ	200	2	30
D2012	48	231	ħ	200	10	30
D2012	48	231	а	200	10	30
D2012	48	231	а߱	200	2	30
D2012	48	231	а߾Ӣ	200	2	30
D2012	48	231	а	200	1	30
D2012	48	231	а	200	10	30
D2012	48	231	Ұ  	200	20	30

D2012	48	231	ҰӢ	200	5	50
D2012	48	231    Ұ	200	10	60
D2012	48	231	Ұ	200	1	50
D2012	48	231	ҰӢ	200	5	50
D2012	48	231    Ұ	200	10	60
D2012	48	231	Ұ	200	1	50
D2012	48	231	ɫӢ	200	4	50
D2012  48    231	ɫ	100	10	50
D2012	48	231	Ш꾫Ӣ	200	2	50
D2012	48   231	Ш걦	200	5	70
D2012	48	231	Ы	200	2	30
D2012	48	231	Ы߾Ӣ	200	5	30
D2012	48    231	Ы߱	200	5	40



D2013	22	27		60	40	20
D2013	40	45	ʿ	60	40	20
D2013	40	45	깭	60	30	20
D2013	22	27		60	20	20
D2013	40	45	ʿ	60	20	20
D2013	40	45	깭	60	60	20
D2013	40	45	ħ	60	2	60
D2013	40	45	ħЫ	60	2	60
D2013	40	45	Ш		60	80	10
D2013	40	45	Ӭ		60	3	15
D2013	40	45		60	1	30
D2013	40	45	ʿ	60	1	30
D2013	40	45	깭	60	1	30
D2013	40	45	Ш		60	3	20
D2013	40	45	Ұ	70	5	120
D2013	25	29	ħ	10	1	30
D2013	25	29	ħ	10	1	30
D2013	40	45	ҰӢ	70	8	30

D2013	25	45	ħЫ	60	1	30
D2013	25	45	ħЫ 	60	1	30
D2013	25	45	ħЫӢ	60	1	30
D2013	25	45	ħӢ	60	1	30

D2013	25	45	ҰӢ	60	5	5
D2013	25	45    Ұ	60	10	60
D2013	25	45    Ұ	70	5	120
D2013	25	45	Ұ		60	1	50
D2013	25	45	ҰӢ	60	5	5
D2013	25	45    Ұ	60	10	60
D2013	25	45	Ұ		60	1	50
D2013	25	45	ɫӢ	60	8	5
D2013  25    45 	ɫ	60	10	50
D2013	25	45	Ш꾫Ӣ	60	2	5
D2013	25    45 	Ш걦	60	5	70
D2013	25	45	Ұ		60	20	50
D2013	25	45	Ы		60	2	30
D2013	25	45	Ы߾Ӣ	60	5	3
D2013	25    45	Ы߱	60	5	40



D10054	51	40	Ұ		60	30	15
D10054	51	40	Ұ		60	30	15
D10054	51	40	Ұ		60	20	25
D10054	51	40	ɫ	60	60	15
D10054	51	40	Ӭ		60	3	15
D10054	51	40	ħ	60	1	60
D10054	51	40	ħ	60	1	60
D10054	51	40	Ұ		60	5	15
D10054	51	40	Ұ		60	5	15
D10054	51	40	Ұ		60	1	25
D10054	51	40	Ұ		60	1	25
D10054	51	40	Ұ		60	1	40
D10054	51	40	Ұ	60	5	120
D10054	51	40	ɫ	60	2	25
D10054	51	40	Ұ  	60	2	40
D10054	51	40	ҰӢ	60	5	50
D10054	51	40	Ұ	60	10	60
D10054	51	40	Ұ	60	1	50
D10054	51	40	ҰӢ	60	5	50
D10054	51	40	Ұ	60	10	60
D10054	51	40	Ұ	60	1	50
D10054	51	40	ɫӢ	60	4	5
D10054 155    231	ɫ	60	10	500
D10054	51	40	Ш꾫Ӣ	60	2	50
D10054	51     40	Ш걦	60	5	70
D10054	51	40	Ы	60	2	30
D10054	51	40	Ы߾Ӣ	60	5	30
D10054	51    40	Ы߱	60	5	40

D10053	41	40	Ұ		60	30	15
D10053	41	40	Ұ		60	30	15
D10053	41	40	Ұ		60	10	25
D10053	41	40	ɫ	60	40	15
D10053	41	40	Ы		60	40	15
D10053	41	40	Ӭ		60	3	15
D10053	41	40	ħЫ	60	1	60
D10053	41	40	ħЫ	60	1	60
D10053	41	40	Ұ		60	5	15
D10053	41	40	Ұ		60	5	15
D10053	41	40	Ұ		60	1	25
D10053	41	40	Ұ		60	1	25
D10053	41	40	Ұ		60	1	40
D10053	41	40	Ұ	60	5	120
D10053	41	40	ɫ	60	2	25
D10053	41	40	Ы		60	1	25
D10053	41	40	а	60	1	40
D10053	41	40	а߱	60	2	10
D10053	32	31	а߾Ӣ	80	2	12
D10053	32	31	а	80	1	18
D10053	51	40	Ұ 	60	2	40

D10053	51	40	ҰӢ	60	5	50
D10053	51	40	Ұ	60	10	60
D10053	51	40	Ұ	60	1	50
D10053	51	40	ҰӢ	60	5	50
D10053	51	40	Ұ	60	10	60
D10053	51	40	Ұ	60	1	50
D10053	51	40	ɫӢ	60	4	50
D10053 51      40	ɫ	60	10	50
D10053	51	40	Ш꾫Ӣ	60	2	50
D10053	51     40	Ш걦	60	5	70
D10053	51	40	Ы	60	2	30
D10053	51	40	Ы߾Ӣ	60	5	30
D10053	51    40	Ы߱	60	5	40


M100	131	154	Ұ		150	50	8
M100	131	154	Ұ		150	50	8
M100	131	154	ɫ	150	50	8
M100	131	154	Ұ		150	50	12
M100	131	154	Ұ	150	2	12
M100	131	154	ħ	150	5	6
M100	131	154	ħЫӢ	150	2	18
M100	131	154	ħӢ	150	2	9


D2000	100	100	ʬ2		100	75	10
D2000	100	100	ʬ3		100	75	10
D2000	100	100			100	45	10
D2000	100	100	ʬ20		100	3	10
D2000	100	100	ʬ30		100	3	10
D2000	100	100	    	200	30	15
D2000	100	100	׵罩ʬ	200	5	30
D2000	100	100   ׵罩ʬ	200	5	70
D2000	100	100	׵罩ʬ	200	5	30
D2000	100	100	Ӣ	200	4	15
D2000	100	100	ֽʬ	200	5	30
D2000	100	100	ֽʬ	200	8	40
D2000	100	100	ֽʬ	200	5	30



D2010	155	231	ħЫ	200	2	60
D2011	32	31	ħЫ	80	2	60
D2012	48	231	ħЫ	200	2	60
D2013	40	45	ħЫ	60	2	60
D10053	41	40	ħЫ	60	2	60
M100	131	154	ħЫ	150	2	60
D2007	140	135	ħ	200	2	60
D2008	41	74	ħ	100	2	60
D2010	155	231	ħ	200	2	60
D2011	32	31	ħ	80	2	60
D2012	48	231	ħ	200	2	60
D2013	40	45	ħ	60	2	60
D10054	51	40	ħ	60	2	60
M100	131	154	ħ	150	2	60


4  256  231      ħ    0      1        1
4  251  236   ħ    0      1        1
4  255  230     ħ    0      1        1
4  250  235   ħ    0      1        1
4  254  229      ħ    0      1        1
4  249  234    ħ    0      1        1
4  253  228        ħ    0      1        1
4  248  233   ħ    0      1        1
4  252  227     ħ    0      1        1
4  247  232   ħ    0      1        1

4  257   186      ħ    0      1        1
4  253   183     ħ    0      1        1
4  256   187        ħ    0      1        1
4  252   184  ħ    0      1        1
4  255   188      ħ    0      1        1
4  251   185     ħ    0      1        1
4  254   189        ħ    0      1        1
4  250   186       ħ    0      1        1
4  253   190       ħ    0      1        1
4  249   187        ħ    0      1        1
4  215 193    ħ    0      1        1
4  219 189    ħ    0      1        1

}
