[@╧╜╪Щ╩╓ню]
{
;╠хфФй║
0	23	347	╧╜╪Щйьню        0     1     10
0	24	347	╧╜╪Щйьню        0     1     10
0	23	357	╧╜╪Щйьню        0     1     10
0	24	357	╧╜╪Щйьню        0     1     10

0     321   257   ╧╜╪Щйьню        0     1     10
0     301   319   ╧╜╪Щйьню        0     1     10
0     335   309   ╧╜╪Щйьню        0     1     10
0     339   313   ╧╜╪Щйьню        0     1     10

;╥Бд╖╧х
4     444   192    ╧╜╪Щйьню        0     1     10
4     443   192    ╧╜╪Щйьню        0     1     10
4     444   186    ╧╜╪Щйьню        0     1     10
4     443   186    ╧╜╪Щйьню        0     1     10

;нжбЙи╜аж
1     205   526    ╧╜╪Щйьню        0     1     10
1     206   526    ╧╜╪Щйьню        0     1     10
1     205   533    ╧╜╪Щйьню        0     1     10
1     206   533    ╧╜╪Щйьню        0     1     10

1     559   551    ╧╜╪Щйьню        0     1     10
1     560   550    ╧╜╪Щйьню        0     1     10
1     566   556    ╧╜╪Щйьню        0     1     10
1     565   557    ╧╜╪Щйьню        0     1     10
1      566   544    ╧╜╪Щйьню   0      1        1
1      555   544    ╧╜╪Щйьню   0      1        1

1     53    165    ╧╜╪Щйьню        0     1     10
1     54    166    ╧╜╪Щйьню        0     1     10
1     49    171    ╧╜╪Щйьню        0     1     10
1     48    170    ╧╜╪Щйьню        0     1     10

1     45    37     ╧╜╪Щйьню        0     1     10
1     44    36     ╧╜╪Щйьню        0     1     10
1     49    31     ╧╜╪Щйьню        0     1     10
1     50    32     ╧╜╪Щйьню        0     1     10

;╟вхуце
11    44    481    ╧╜╪Щйьню        0     1     10
11    43    480    ╧╜╪Щйьню        0     1     10
11    49    474    ╧╜╪Щйьню        0     1     10
11    50    475    ╧╜╪Щйьню        0     1     10
11 	353  246     ╧╜╪Щйьню    0      1        1	
11 	357  243     ╧╜╪Щйьню    0      1        1
12 	327  468     ╧╜╪Щйьню    0      1        1
12 	320  474     ╧╜╪Щйьню    0      1        1  

;╡ттб╣╨
5    136    336    ╧╜╪Щйьню        0     1     10
5        131    301    ╧╜╪Щйьню    0      1        1
5    174    292    ╧╜╪Щйьню        0     1     10
5    167    285    ╧╜╪Щйьню        0     1     10
5        164    357    ╧╜╪Щйьню    0      1        1
5    182    324    ╧╜╪Щйьню        0     1     10
5    189    317    ╧╜╪Щйьню        0     1     10
5    140    362    ╧╜╪Щйьню        0     1     10
5    169    352    ╧╜╪Щйьню        0     1     10
5    165    357    ╧╜╪Щйьню        0     1     10
5    154    328    ╧╜╪Щйьню        0     1     10
5    148    307    ╧╜╪Щйьню        0     1     10
5    143    324    ╧╜╪Щйьню        0     1     10
5    122    336    ╧╜╪Щйьню        0     1     10

;цкжь╢С╣ьм╪
3     273   743   ╧╜╪Щйьню        0     1     10
3     272   744   ╧╜╪Щйьню        0     1     10
3     278   750   ╧╜╪Щйьню        0     1     10
3     279   749   ╧╜╪Щйьню        0     1     10

3     512   770   ╧╜╪Щйьню        0     1     10
3     513   769   ╧╜╪Щйьню        0     1     10
3     519   777   ╧╜╪Щйьню        0     1     10
3     520   776   ╧╜╪Щйьню        0     1     10

3     325   311   ╧╜╪Щйьню        0     1     10
3     348   332   ╧╜╪Щйьню        0     1     10
3     296   334   ╧╜╪Щйьню        0     1     10
3     302   340   ╧╜╪Щйьню        0     1     10
3     305   290   ╧╜╪Щйьню        0     1     10
3     288   305   ╧╜╪Щйьню        0     1     10
3     302   370   ╧╜╪Щйьню        0     1     10
3     336   321   ╧╜╪Щйьню        0     1     10
3     339   310   ╧╜╪Щйьню        0     1     10



E605	10	61	 ╧╜╪Щйьню	0	1	 20
E605	15	68	 ╧╜╪Щйьню	0	1	 20

D601	13	196	 ╧╜╪Щйьню	0	1	 20
D601	7	201	 ╧╜╪Щйьню	0	1	 20

E601	139	13	 ╧╜╪Щйьню	0	1	 20
E601	138	12	 ╧╜╪Щйьню	0	1	 20

}