[@╠хфФй║]
{
;йьню
0      665   86     ╧╜╪Щйьню   0      1        1
0      672   93     ╧╜╪Щйьню   0      1        1
0      340   513    ╧╜╪Щйьню   0      1        1
0      341   514    ╧╜╪Щйьню   0      1        1
0      367   487    ╧╜╪Щйьню   0      1        1
0      368   488    ╧╜╪Щйьню   0      1        1
0      318   244    ╧╜╪Щйьню   0      1        1
0      300   207    ╧╜╪Щйьню   0      1        1
0      310   227    ╧╜╪Щйьню   0      1        1
0      313   230    ╧╜╪Щйьню   0      1        1
0      309   286    ╧╜╪Щйьню   0      1        1
0      329   289    ╧╜╪Щйьню   0      1        1
0      355   280    ╧╜╪Щйьню   0      1        1
0      362   301    ╧╜╪Щйьню   0      1        1
0      374   291    ╧╜╪Щйьню   0      1        1
0      567   621    ╧╜╪Щйьню   0      1        1
0      600   576    ╧╜╪Щйьню   0      1        1
0	662   558    ╧╜╪Щйьню   0      1        1
0	320   36     ╧╜╪Щйьню   0      1        1
0	327   42     ╧╜╪Щйьню   0      1        1

;╧жнО
0	212	622	╪╕мУ		3	2	10
0	212	622	╪╕		10	100	5
0	610	493	╪╕мУ		3	2	10
0	610	493	╪╕		10	100	5

0	210	639	б╧мУ		3	2	10
0	210	639	б╧		10	50	5
0	625	515	б╧мУ		3	2	10
0	625	515	б╧		10	50	5

0	225	635	╣╬╡щхк╬╚с╒	3	2	10
0	225	635	╣╬╡щхк		10	100	5
0	624	494	╣╬╡щхк╬╚с╒	3	2	10
0	624	494	╣╬╡щхк		10	100	5

0	228	657	╟Кйчхк╬╚с╒	3	2	10
0	228	657	╟Кйчхк		10	100	5
0	609	515	╟Кйчхк╬╚с╒	3	2	10
0	609	515	╟Кйчхк		10	100	5

0	185	463	╣╬╡щхк		50	100	5
0	185	463	╟Кйчхк		50	100	5

0	149	174	╣╬╡щхк		50	100	5
0	149	174	╟Кйчхк		50	100	5

0	551	305	╣╬╡щхк		50	100	5
0	551	305	╟Кйчхк		50	100	5

0	478	480	╣╬╡щхк		50	100	5
0	478	480	╟Кйчхк		50	100	5

0	659	662	╪╕		20	100	5
0	659	662	б╧		20	100	5
0	250	590	╪╕		20	100	5
0	250	590	б╧		20	100	5
}