[@白日门]
{
11	108	422	森林雪人精英	50	50	7
11	108	422	半兽人		50	50	7
11	108	422	半兽战士精英	50	50	7
11	108	422	半兽勇士	50	50	10
11	147	211	森林雪人	80	50	7
11	147	211	半兽战士	80	50	7
11	147	211	半兽勇士精英	80	50	10
11	321	266	森林雪人	80	100	7
11	321	266	半兽战士	80	100	6
11	321	266	半兽勇士	80	50	10
11	321	266	半兽统领	80	10	10
11	348	132	半兽人精英	100	50	6
11	348	132	半兽战士	80	100	6
11	348	132	半兽勇士统帅	80	10	10
11	348	132	半兽统领	80	50	10
11	348	132	森林雪人	100	100	7
11	348	132	雪人王		100	50	10

11	380	270	钉耙猫王	80	50	10
11	380	270	钉耙猫		90	50	7
11	100	450	多钩猫		90	50	7
11	100	450	多钩猫王	80	50	10

11	147	211	天狼蜘蛛	60	100	10
11	360	255	天狼蜘蛛	80	200	10
;特殊
11	321	266	半兽勇士	80	30	10
11	147	211	半兽勇士	80	30	10
11	348	132	半兽勇士	80	30	10
11	108	422	森林雪人	50	30	10
11	321	266	半兽人		50	50	10
11	132	185	半兽战士	50	50	10
11	380	270	钉耙猫精英	50	50	10
11	100	450	多钩猫精英	50	50	10
11	360	255	天狼蜘蛛	80	100	10
11	108	422	森林雪人	50	10	7
11	108	422	半兽人		50	10	7
11	108	422	半兽战士	50	10	7
11	108	422	半兽勇士	50	10	10
11	147	211	森林雪人	80	10	7
11	147	211	半兽战士	80	10	7
11	147	211	半兽勇士	80	10	10
11	321	266	森林雪人	80	20	7
11	321	266	半兽战士	80	20	6
11	321	266	半兽勇士	80	10	10
11	321	266	半兽统领	80	1	30
11	348	132	半兽人		100	10	6
11	348	132	半兽战士	80	20	6
11	348	132	半兽勇士	80	10	10
11	348	132	半兽统领	80	1	30
11	348	132	森林雪人	100	20	7
11	348	132	雪人王		100	1	12

11	380	270	钉耙猫王	80	1	12
11	380	270	钉耙猫		90	10	7
11	100	450	多钩猫		90	10	7
11	100	450	多钩猫王	80	1	12

11	147	211	剧毒蜘蛛	60	3	10
11	147	211	天狼蜘蛛	60	10	10
11	321	266	剧毒蜘蛛	80	4	10
11	348	132	剧毒蜘蛛	60	3	30
11	360	255	天狼蜘蛛	80	20	15
11	360	255	天狼蜘蛛宝宝	80	20	10
;特殊
11	321	266	半兽勇士	80	3	10
11	147	211	半兽勇士	80	3	10
11	348	132	半兽勇士	80	3	10
}