[@祖玛寺庙]
{
;X┄┄┄┄[
;┆祖玛寺庙┆
;^┄┄┄┄a

D505	100	100	祖玛弓箭手	100	50	10
D505	100	100	祖玛雕像	100	50	10
D505	100	100	祖玛卫士	100	50	10
D505	154	172	祖玛卫士精英	8	15	10
D505	154	172	祖玛弓手精英	8	18	10
D505	154	172	祖玛雕像精英	8	18	10
D505	100	100	祖玛弓手精英	100	20	10
D505	100	200	祖玛雕像精英	100	20	10
D505	100	100	祖玛卫士精英	100	20	10
D505	100	100	祖玛弓箭手  	100	20	10
D505	100	100	祖玛弓箭手	100	20	10
D505	100	100	祖玛弓箭手	100	20	10
D505	100	100	祖玛弓箭手	100	20	10
D505	100	100	祖玛雕像  	100	20	10
D505	100	100	祖玛雕像	100	20	10
D505	100	100	祖玛雕像	100	20	10
D505	100	100	祖玛雕像	100	20	10
D505	100	100	祖玛卫士  	100	20	10
D505	100	100	祖玛卫士	100	20	10
D505	100	100	祖玛卫士	100	20	10
D505	100	100	祖玛卫士	100	20	10
D505	200	200	楔蛾精英	100	10	10
D505	200	200	楔蛾宝宝	100	10	10
D505	100	300	楔蛾精英	100	10	10

D5072	50	50	祖玛弓手精英	100	20	10
D5072	50	50	祖玛弓箭手	100	30	10
D5072	50	50	祖玛雕像精英	100	20	10
D5072	50	50	祖玛雕像  	100	30	10
D5072	50	50	祖玛卫士精英	100	20	10
D5072	50	50	祖玛卫士  	100	30	10
D5072	50	50	祖玛卫士	100	30	10
D5072	50	50	祖玛卫士	100	30	10
D5072	50	50	祖玛卫士	100	30	10
D5072	50	50	楔蛾精英	100	10	10
D5072	50	50	楔蛾宝宝	100	10	10
D5072	50	50	楔蛾精英	100	10	10

D5073	50	50	祖玛雕像	50	35	8
D5073	50	50	祖玛卫士	50	35	8
D5073	50	50	祖玛弓箭手	50	35	8
D5073	50	50	祖玛雕像	50	10	10
D5073	50	50	祖玛卫士	50	10	10
D5073	50	50	祖玛弓箭手	50	10	10
D5073	50	50	祖玛雕像	50	20	10
D5073	50	50	祖玛卫士	50	10	10
D5073	50	50	祖玛弓箭手	50	20	10
D5073	50	50	祖玛弓手精英	100	30	10
D5073	50	50	祖玛雕像精英	100	30	10
D5073	50	50	祖玛卫士精英	100	30	10
D5073	50	50	楔蛾精英	100	30	10
D5073	50	50	楔蛾宝宝	100	10	10


D5074	50	50	祖玛雕像	50	45	8
D5074	50	50	祖玛卫士	50	45	8
D5074	50	50	祖玛弓箭手	50	45	8
D5074	73	22	祖玛雕像	7	50	11
D5074	73	22	祖玛卫士	7	50	11
D5074	73	22	祖玛弓箭手	7	50	11
D5074	50	50	祖玛弓手精英	100	80	10
D5074	50	50	祖玛雕像精英	100	80	10
D5074	50	50	祖玛卫士精英	100	80	10
D5074	50	50	楔蛾精英	100	30	10
D5074	50	50	楔蛾宝宝	100	10	10

D515	29      23	祖玛教主	0	1	30
D515	19	24	祖玛教皇	0	1	60
D515	22	20	祖玛弓手精英	20	36	10
D515	22	20	祖玛雕像精英	20	36	10
D515	22	20	祖玛卫士精英	20	36	10
D515	22	20	楔蛾精英	20	30	10
D515	22     20	楔蛾宝宝	20	10	10
}