[@苍月岛]
{
;X┄┄┄[
;┆苍月岛┆
;^┄┄┄a
D2051	88	105	恶灵僵尸	100	40	10
D2051	88	105	恶灵尸王	100	30	10
D2051	88	105	恶灵僵尸	100	40	10
D2051	120	90	恶灵僵尸	100	40	10
D2051	120	90	恶灵尸王	100	30	10
D2051	120	90	恶灵僵尸	100	40	10
D2051	120	90	恶灵僵尸	150	40	10

D2051	88	105	恶灵僵尸精英	100	12	10
D2051	88	105	恶灵尸王精英	100	12	10
D2051	88	105	恶灵僵尸	100	40	10
D2051	88	105	恶灵尸王	100	20	10
D2051	120	90	恶灵僵尸精英	100	80	10
D2051	120	90	恶灵尸王精英	100	80	10
D2051	120	90	恶灵僵尸	100	40	10
D2051	120	90	恶灵尸王	150	50	10


D2052	52	52	恶灵僵尸	50	50	10
D2052	52	52	恶灵僵尸	50	60	10
D2052	52	52	恶灵尸王	50	30	10
D2052	52	52	恶灵尸王	50	40	10
D2052	71	41	恶灵僵尸	50	60	10
D2052	71	41	恶灵僵尸	50	40	10
D2052	71	41	恶灵尸王	50	30	10
D2052	71	41	恶灵尸王	50	30	10

D2052	52	52	恶灵僵尸精英	50	18	10
D2052	52	52	恶灵尸王精英	50	18	10
D2052	52	52	恶灵僵尸	50	13	10
D2052	52	52	恶灵尸王	50	14	10
D2052	71	41	恶灵僵尸精英	50	18	10
D2052	71	41	恶灵尸王精英	50	18	10
D2052	71	41	恶灵僵尸	50	13	10
D2052	71	41	恶灵尸王	50	13	10

D2053	200	190	恶灵僵尸	100	50	10
D2053	200	190	恶灵尸王	100	20	10
D2053	145	80	恶灵僵尸	100	50	10
D2053	145	80	恶灵尸王	100	20	10
D2053	100	125	恶灵僵尸	100	50	10
D2053	100	125	恶灵尸王	100	20	10
D2053	200	190	恶灵僵尸	100	10	10
D2053	100	125	恶灵尸王	100	40	10
D2053	100	145	恶灵僵尸	100	50	10
D2053	100	145	恶灵尸王	100	20	10
D2053	100	140	恶灵僵尸	100	10	10
D2053	200	190	恶灵尸王	100	40	10


D2053	200	190	恶灵僵尸精英	100	12	10
D2053	200	190	恶灵尸王精英	100	12	10
D2053	145	80	恶灵僵尸	100	18	10
D2053	145	80	恶灵尸王	100	12	10
D2053	100	125	恶灵僵尸精英	100	16	10
D2053	100	125	恶灵尸王精英	100	16	10
D2053	200	190	恶灵僵尸	100	11	10
D2053	100	125	恶灵尸王	100	11	10



D2061	110	110	恶灵僵尸	100	50	10
D2061	110	110	骷髅长枪兵	100	50	10
D2061	110	110	恶灵僵尸	100	40	10
D2061	110	110	骷髅长枪兵	100	20	10
D2061	110	115	恶灵僵尸	100	50	10
D2061	110	115	恶灵尸王	100	30	10
D2061	110	115	骷髅长枪兵	100	50	10
D2061	110	115	恶灵僵尸	100	40	10
D2061	110	115	骷髅长枪兵	100	20	10

D2061	110	110	恶灵僵尸精英	100	29	10
D2061	110	110	恶灵尸王精英	100	29	10
D2061	110	110	恶灵僵尸	100	24	10
D2061	110	110	恶灵尸王	100	22	10
D2061	110	115	恶灵僵尸精英	100	26	10
D2061	110	115	恶灵尸王精英	100	26	10
D2061	110	115	恶灵僵尸	100	25	10
D2061	110	115	恶灵尸王	100	24	10


D2062	100	90	骷髅刀斧手	100	40	10
D2062	100	90	骷髅刀斧手	100	40	10
D2062	100	90	骷髅长枪兵	100	40	10
D2062	100	90	骷髅长枪兵	100	40	10
D2062	100	90	骷髅锤兵	100	40	10
D2062	100	90	骷髅锤兵	100	20	10
D2062	120	100	骷髅刀斧手	100	40	10
D2062	120	100	骷髅刀斧手	100	40	10
D2062	120	100	骷髅长枪兵	100	40	10
D2062	120	100	骷髅长枪兵	100	40	10
D2062	120	100	骷髅锤兵	100	40	10
D2062	120	100	骷髅锤兵	100	20	10

D2062	100	90	恶灵僵尸精英	100	28	10
D2062	100	90	恶灵尸王精英	100	28	10
D2062	100	90	恶灵僵尸	100	24	10
D2062	100	90	恶灵尸王	100	24	10
D2062	100	90	恶灵僵尸精英	100	28	10
D2062	100	90	恶灵尸王精英	100	28	10
D2062	120	100	恶灵僵尸	100	24	10
D2062	120	100	骷髅锤兵	100	24	10
D2062	120	100	骷髅长枪兵精英	100	28	10
D2062	120	100	骷髅长枪兵	100	24	10
D2062	120	100	骷髅刀斧手精英	100	28	10
D2062	120	100	骷髅锤兵精英	100	22	10


D2063	105	95	骷髅弓箭手	150	40	10
D2063	105	95	骷髅锤兵	150	30	10
D2063	105	95	骷髅长枪兵	150	40	10
D2063	105	95	骷髅刀斧手	150	40	10
D2063	105	95	骷髅弓箭手	150	24	10
D2063	105	95	骷髅锤兵	150	22	10
D2063	105	95	骷髅长枪兵	150	24	10
D2063	105	95	骷髅刀斧手	150	24	10
D2063	105	100	骷髅弓箭手	150	40	10
D2063	105	100	骷髅锤兵	150	30	10
D2063	105	100	骷髅长枪兵	150	40	10
D2063	105	100	骷髅刀斧手	150	40	10
D2063	105	100	骷髅弓箭手	150	24	10
D2063	105	100	骷髅锤兵	150	22	10
D2063	105	100	骷髅长枪兵	150	24	10
D2063	105	100	骷髅刀斧手	150	24	10

D2063	105	95	恶灵僵尸精英	150	28	10
D2063	105	95	恶灵尸王精英	150	28	10
D2063	105	95	恶灵僵尸	150	24	10
D2063	105	95	恶灵尸王	150	24	10
D2063	105	95	恶灵僵尸精英	150	28	10
D2063	105	95	恶灵尸王精英	150	28	10
D2063	105	95	恶灵僵尸	150	24	10
D2063	105	95	恶灵尸王	150	24	10
D2063	105	100	骷髅长枪兵精英	150	28	10
D2063	105	100	骷髅刀斧手精英	150	28	10
D2063	105	100	骷髅锤兵精英	150	23	10
D2063	105	100	骷髅弓手精英	150	23	10
D2063	105	100	骷髅锤兵	150	24	10
D2063	105	100	骷髅长枪兵	150	22	10
D2063	105	100	骷髅弓手	150	24	10


D2064	105	95	骷髅锤兵	150	60	10
D2064	105	95	骷髅长枪兵	150	60	10
D2064	105	95	骷髅刀斧手	150	60	10
D2064	105	95	骷髅弓箭手	150	70	10
D2064	105	95	骷髅锤兵	150	24	10
D2064	105	95	骷髅长枪兵	150	24	10
D2064	105	95	骷髅刀斧手	150	24	10
D2064	105	95	骷髅弓箭手	150	28	10
D2064	160	100	骷髅锤兵	150	60	10
D2064	160	100	骷髅长枪兵	150	60	10
D2064	160	100	骷髅刀斧手	150	60	10
D2064	160	100	骷髅弓箭手	150	70	10
D2064	160	100	骷髅锤兵	150	24	10
D2064	160	100	骷髅长枪兵	150	24	10
D2064	160	100	骷髅刀斧手	150	24	10
D2064	160	100	骷髅弓箭手	150	28	10

D2064	105	95	骷髅枪兵精英	150	22	10
D2064	105	95	骷髅刀斧手精英	150	28	10
D2064	105	95	骷髅锤兵精英	150	28	10
D2064	105	95	骷髅弓手精英	150	28	10
D2064	105	95	骷髅锤兵	150	24	10
D2064	105	95	骷髅长枪兵	150	24	10
D2064	105	95	骷髅弓手	150	24	10
D2064	160	100	骷髅锤兵精英	150	23	10
D2064	160	100	骷髅刀斧手精英	150	24	10
D2064	160	100	骷髅弓手精英	150	26	10
D2064	160	100	骷髅锤兵	150	27	10
D2064	160	100	骷髅长枪兵	150	24	10
D2064	160	100	骷髅弓手	150	24	10


D2067	195	240	骷髅锤兵	200	50	10
D2067	195	240	骷髅长枪兵	200	50	10
D2067	195	240	骷髅刀斧手	200	50	10
D2067	195	240	骷髅弓箭手	200	20	10
D2067	190	60	骷髅锤兵	200	30	10
D2067	190	60	骷髅长枪兵	200	30	10
D2067	190	60	骷髅刀斧手	200	30	10
D2067	190	60	骷髅弓箭手	200	20	10
D2067	80	200	骷髅锤兵	200	30	10
D2067	80	200	骷髅长枪兵	200	30	10
D2067	80	200	骷髅刀斧手	200	30	10
D2067	80	200	骷髅弓箭手	200	20	10
D2067	195	240	骷髅锤兵	200	26	10
D2067	195	240	骷髅长枪兵	200	26	10
D2067	190	60	骷髅刀斧手	200	26	10
D2067	80	200	骷髅弓箭手	200	24	10
D2067	195	240	黄泉教主	200	2	30
D2067	195	240	黄泉教主	200	2	30

D2067	195	240	骷髅长枪兵精英	200	23	80
D2067	195	240	骷髅刀斧手精英	200	23	80
D2067	195	240	骷髅锤兵精英	200	23	80
D2067	195	240	骷髅弓手精英	200	23	80
D2067	190	60	骷髅锤兵	200	25	80
D2067	190	60	骷髅长枪兵	200	25	80
D2067	190	60	骷髅弓手	200	25	80
D2067	190	60	骷髅枪兵精英	200	22	80
D2067	80	200	骷髅刀斧手精英	200	22	80
D2067	80	200	骷髅锤兵精英	200	22	80
D2067	80	200	骷髅弓手精英	200	22	80
D2067	195	240	黄泉教主	200	1	30
D2067	195	240	黄泉教皇	200	1	60
D2067	195	240	黄泉大教主	200	1	120
D2067	195	240	骷髅小将军	200	1	30

D2051	88	105	恶灵尸王宝宝	100	10	60
D2051	120	90	恶灵尸王宝宝	100	10	60
D2052	52	52	恶灵尸王宝宝	50	10	60
D2052	71	41	恶灵尸王宝宝	50	10	60
D2053	200	190	恶灵尸王宝宝	100	10	60
D2053	145	80	恶灵尸王宝宝	100	10	60
D2061	110	115	恶灵尸王宝宝	100	10	60
D2061	110	110	恶灵尸王宝宝	100	10	60
D2062	100	90	恶灵尸王宝宝	100	10	60
D2062	100	90	恶灵尸王宝宝	100	10	60
D2063	105	95	恶灵尸王宝宝	150	10	60
D2063	105	95	恶灵尸王宝宝	150	10	60


D2051	88	105	恶灵僵尸宝宝	100	10	60
D2051	120	90	恶灵僵尸宝宝	100	10	60
D2052	52	52	恶灵僵尸宝宝	50	10	60
D2052	71	41	恶灵僵尸宝宝	50	10	60
D2053	200	190	恶灵僵尸宝宝	100	10	60
D2053	145	80	恶灵僵尸宝宝	100	10	60
D2061	110	115	恶灵僵尸宝宝    100	10	60
D2061	110	110	恶灵僵尸宝宝	100	10	60
D2062	100	90	恶灵僵尸宝宝    100	10	60
D2062	100	90	恶灵僵尸宝宝	100	10	60
D2063	105	95	恶灵僵尸宝宝	150	10	60
D2063	105	95	恶灵僵尸宝宝	150	10	60

D2062	100	90	骷髅长枪宝宝	100	10	100
D2062	100	90	骷髅锤兵宝宝	100	10	100
D2062	120	100	骷髅长枪宝宝	100	10	100
D2062	120	100	骷髅锤兵宝宝	100	10	100
D2063	105	95	骷髅弓手宝宝	150	10	100
D2063	105	95	骷髅锤兵宝宝	150	10	100
D2063	105	95	骷髅长枪宝宝	150	10	100
D2063	105	100	骷髅弓手宝宝	150	10	100
D2063	105	100	骷髅锤兵宝宝	150	10	100
D2063	105	100	骷髅长枪宝宝	150	10     100
D2064	105	95	骷髅锤兵宝宝	150	10	100
D2064	105	95	骷髅长枪宝宝	150	10	100
D2064	105	95	骷髅弓宝宝手	150	10	100
D2064	160	100	骷髅锤兵宝宝	150	10	100
D2064	160	100	骷髅长枪宝宝	150	10	100
D2064	160	100	骷髅弓手宝宝	150	10	100
D2067	195	240	骷髅锤兵宝宝	200	10	100
D2067	195	240	骷髅长枪宝宝	200	10	100
D2067	195	240	骷髅弓手宝宝	200	10	100
D2067	190	60	骷髅锤兵宝宝	200	10	100
D2067	190	60	骷髅长枪宝宝	200	10	100
D2067	190	60	骷髅弓手宝宝	200	10	100
D2067	80	200	骷髅锤兵宝宝	200	10	100
D2067	80	200	骷髅长枪宝宝	200	10     100
D2067	80	200	骷髅弓手宝宝	200	10	100


;-----------------------------------------------------------
;-----------------------------------------------------------
;-----------------------------------------------------------
;X┄┄[
;┆牛魔┆
;^┄┄a
D2071	165	180	牛头魔		150	80	10
D2071	165	180	牛魔战士	150	80	10
D2071	165	180	牛魔斗士	150	80	10
D2071	165	180	牛头魔		150	40	10
D2071	165	180	牛魔战士	150	20	10
D2071	165	180	牛魔斗士	150	20	10
D2071	165	180	牛头魔		150	80	10
D2071	165	180	牛魔战士	150	80	10
D2071	165	180	牛魔斗士	150	60	10
D2071	165	180	牛头魔		150	20	10
D2071	165	180	牛魔战士	150	10	10
D2071	165	180	牛魔斗士	150	10	10

D2071	165	180	牛魔斗士精英	150	18	10
D2071	165	180	牛魔战士精英	150	18	10
D2071	165	180	牛魔战士	150	15	10
D2071	165	180	牛魔侍卫精英	150	18	10
D2071	165	180	牛魔将军精英	150	18	10
D2071	165	180	牛魔法师精英	150	18	10
D2071	165	180	牛魔法师	150	15	10
D2071	165	180	牛魔祭司精英	150	18	10



D2072	135	145	牛头魔		150	60	10
D2072	135	145	牛魔战士	150	40	10
D2072	135	145	牛魔斗士	150	40	10
D2072	135	145	牛魔侍卫	150	40	10
D2072	135	145	牛头魔		150	40	10
D2072	135	145	牛魔战士	150	20	10
D2072	135	145	牛魔斗士	150	20	10
D2072	135	145	牛魔侍卫	150	20	10
D2072	135	145	牛头魔		150	60	10
D2072	135	145	牛魔战士	150	40	10
D2072	135	145	牛魔斗士	150	80	10
D2072	135	145	牛魔侍卫	150	30	10
D2072	135	145	牛头魔		150	20	10
D2072	135	145	牛魔战士	180	10	10
D2072	135	145	牛魔斗士	180	10	10
D2072	135	145	牛魔侍卫	180	10	10

D2072	135	145	牛魔斗士精英	150	18	10
D2072	135	145	牛魔战士精英	150	18	10
D2072	135	145	牛魔战士	150	15	10
D2072	135	145	牛魔侍卫精英	150	18	10
D2072	135	145	牛魔将军精英	150	18	10
D2072	135	145	牛魔法师精英	150	18	10
D2072	135	145	牛魔法师	150	15	10
D2072	135	145	牛魔祭司精英	150	18	10

D2073	205	210	牛头魔		200	40	10
D2073	205	210	牛魔战士	200	40	10
D2073	205	210	牛魔斗士	200	40	10
D2073	205	210	牛魔侍卫	200	30	10
D2073	205	210	牛魔法师	200	30	10
D2073	205	210	牛头魔		200	60	10
D2073	205	210	牛魔战士	200	40	10
D2073	205	210	牛魔斗士	200	40	10
D2073	205	210	牛魔侍卫	200	20	10
D2073	205	210	牛魔法师	200	20	10
D2073	205	210	牛头魔		200	40	10
D2073	205	210	牛魔战士	200	40	10
D2073	205	210	牛魔斗士	200	40	10
D2073	205	210	牛魔侍卫	200	30	10
D2073	205	210	牛魔法师	200	20	10
D2073	205	210	牛头魔		200	30	10
D2073	205	210	牛魔战士	200	20	10
D2073	205	210	牛魔斗士	200	20	10
D2073	205	210	牛魔侍卫	200	10	10
D2073	205	210	牛魔法师	200	10	10


D2073	205	210	牛魔斗士精英	150	18	10
D2073	205	210	牛魔战士精英	150	18	10
D2073	205	210	牛魔战士	150	18	10
D2073	205	210	牛魔侍卫精英	150	18	10
D2073	205	210	牛魔将军精英	150	18	10
D2073	205	210	牛魔法师精英	150	18	10
D2073	205	210	牛魔法师	150	15	10
D2073	205	210	牛魔祭司精英	150	18	10

D2075	105	95	牛魔战士	150	40	10
D2075	105	95	牛魔斗士	150	40	10
D2075	105	95	牛魔侍卫	150	40	10
D2075	105	95	牛魔法师	150	40	10
D2075	105	95	牛魔将军	150	20	10
D2075	105	95	牛魔战士	150	40	10
D2075	105	95	牛魔斗士	150	40	10
D2075	105	95	牛魔侍卫	150	20	10
D2075	105	95	牛魔法师	150	20	10
D2075	105	95	牛魔战士	150	40	10
D2075	105	95	牛魔斗士	150	40	10
D2075	105	95	牛魔侍卫	150	40	10
D2075	105	95	牛魔法师	150	40	10
D2075	105	95	牛魔将军	150	26	10
D2075	105	95	牛魔战士	150	20	10
D2075	105	95	牛魔斗士	150	20	10
D2075	105	95	牛魔侍卫	150	10	10
D2075	105	95	牛魔法师	150	10	10

D2075	105	95	牛魔斗士精英	150	18	10
D2075	105	95	牛魔战士精英	150	18	10
D2075	105	95	牛魔战士	150	15	10
D2075	105	95	牛魔侍卫精英	150	18	10
D2075	105	95	牛魔将军精英	150	18	10
D2075	105	95	牛魔法师精英	150	18	10
D2075	105	95	牛魔法师	150	15	10
D2075	105	95	牛魔祭司精英	150	18	10

D2076	90	105	牛魔战士	150	40	10
D2076	90	105	牛魔斗士	150	40	10
D2076	90	105	牛魔侍卫	150	60	10
D2076	90	105	牛魔法师	150	40	10
D2076	90	105	牛魔将军	150	20	10
D2076	90	105	牛魔战士	150	40	10
D2076	90	105	牛魔斗士	150	40	10
D2076	90	105	牛魔侍卫	150	20	10
D2076	90	105	牛魔法师	150	20	10
D2076	90	105	牛魔将军	150	20	10
D2076	90	105	牛魔战士	150	30	10
D2076	90	105	牛魔斗士	150	30	10
D2076	90	105	牛魔侍卫	150	30	10
D2076	90	105	牛魔法师	150	30	10
D2076	90	105	牛魔将军	150	20	10
D2076	90	105	牛魔战士	150	20	10
D2076	90	105	牛魔斗士	150	20	10
D2076	90	105	牛魔侍卫	150	10	10
D2076	90	105	牛魔法师	150	10	10
D2076	90	105	牛魔将军	150	10	10

D2076	90	105	牛魔斗士精英	150	18	10
D2076	90	105	牛魔战士精英	150	18	10
D2076	90	105	牛魔战士	150	15	10
D2076	90	105	牛魔侍卫精英	150	18	10
D2076	90	105	牛魔将军精英	150	10	10
D2076	90	105	牛魔法师精英	150	10	10
D2076	90	105	牛魔法师	150	10	10
D2076	90	105	牛魔祭司精英	150	10	10

D2078	150	150	牛魔战士	180	40	10
D2078	150	150	牛魔斗士	180	40	10
D2078	150	150	牛魔侍卫	180	40	10
D2078	150	150	牛魔法师	180	40	10
D2078	150	150	牛魔将军	180	30	10
D2078	150	150	牛魔祭司	180	30	10
D2078	150	150	牛魔战士	180	20	10
D2078	150	150	牛魔斗士	180	20	10
D2078	150	150	牛魔侍卫	180	20	10
D2078	150	150	牛魔法师	180	20	10
D2078	150	150	牛魔将军	180	20	10
D2078	150	150	牛魔祭司	180	20	10
D2078	150	150	牛魔侍卫	180	60	10
D2078	150	150	牛魔法师	180	40	10
D2078	150	150	牛魔将军	180	20	10
D2078	150	150	牛魔祭司	180	20	10
D2078	150	150	牛魔战士	180	20	10
D2078	150	150	牛魔斗士	180	20	10

D2078	150	150	牛魔斗士精英	180	18	10
D2078	150	150	牛魔战士精英	180	18	10
D2078	150	150	牛魔战士	180	15	10
D2078	150	150	牛魔侍卫精英	180	18	10
D2078	150	150	牛魔将军精英	180	18	10
D2078	150	150	牛魔法师精英	180	18	10
D2078	150	150	牛魔法师	180	15	10
D2078	150	150	牛魔祭司精英	180	18	10

D2079	50	50	牛魔侍卫	70	20	6
D2079	50	50	牛魔法师	70	20	6
D2079	50	50	牛魔将军	70	20	8
D2079	50	50	牛魔祭司	70	20	8
D2079	50	50	牛魔侍卫	70	40	10
D2079	50	50	牛魔法师	70	40	10
D2079	50	50	牛魔将军	70	20	10
D2079	50	50	牛魔祭司	70	20	10
D2079	50	50	牛魔王	        1	1	30
D2079	50	50	暗之牛魔王	1	1	30
D2079	50	50	牛魔王教皇	1	1	60
D2079	50	50	阴沉牛魔王	1	1	60
D2079	50	50	独角牛兽	10	1	120
D2079	50	50	牛魔将军	70	30	8
D2079	50	50	牛魔祭司	70	30	8



D2079	50	50	牛魔斗士精英	70	15	10
D2079	50	50	牛魔战士精英	70	15	10
D2079	50	50	牛魔战士	70	15	10
D2079	50	50	牛魔侍卫精英	70	15	10
D2079	50	50	牛魔将军精英	70	15	10
D2079	50	50	牛魔法师精英	70	15	10
D2079	50	50	牛魔法师	70	15	10
D2079	50	50	牛魔祭司精英	70	15	10

D2071	165	180	牛魔战士宝宝	150	20	10
D2072	135	145	牛魔战士宝宝	150	20	10
D2073	205	210	牛魔战士宝宝	200	20	10
D2075	105	95	牛魔战士宝宝	150	20	10
D2076	90	105	牛魔战士宝宝	150	20	10
D2078	150	150	牛魔战士宝宝	180	20	10
D2079	50	50	牛魔战士宝宝	70	20	10

D2071	165	180	牛魔法师宝宝	150	20	10
D2072	135	145	牛魔法师宝宝	150	20	10
D2073	205	210	牛魔法师宝宝	200	20	10
D2075	105	95	牛魔法师宝宝	150	20	10
D2076	90	105	牛魔法师宝宝	150	20	10
D2078	150	150	牛魔法师宝宝	180	20	10
D2079	50	50	牛魔法师宝宝	70	20	10

D2079	50	50	牛魔王宝宝	        10	2	20




5	550	530	半兽战士	300	50	10
5	550	530	半兽勇士	300	20	10
5	550	530	半兽勇士	300	10	10
5	550	530	骷髅		300	20	10
5	550	530	骷髅战士	300	20	10
5	550	530	骷髅战将	300	20	10
5	550	530	掷斧骷髅	300	20	10
5	550	530	半兽战士	300	50	10
5	550	530	半兽勇士	300	20	10
5	550	530	半兽勇士	300	10	10
5	550	530	骷髅		300	20	10
5	550	530	骷髅战士	300	20	10
5	550	530	骷髅战将	300	20	10
5	550	530	掷斧骷髅	300	20	10
5	550	530	半兽战士	300	50	10
5	550	530	半兽勇士	300	20	10
5	550	530	半兽勇士	300	10	10
5	550	530	骷髅		300	20	10
5	550	530	骷髅战士	300	20	10
5	550	530	骷髅战将	300	20	10
5	550	530	掷斧骷髅	300	20	10
5	550	530	半兽战士	300	50	10
5	550	530	半兽勇士	300	20	10
5	550	530	半兽勇士	300	10	10
5	550	530	骷髅		300	20	10
5	550	530	骷髅战士	300	20	10
5	550	530	骷髅战将	300	20	10
5	550	530	掷斧骷髅	300	20	10
5	550	530	半兽战士	300	50	10
5	322	334	半兽人精英	90	2	50
5	322	334	半兽人宝宝	90	10	30
5	322	334	半兽战士	90	2	50
5	348	334	半兽人		90	2	50
5	348	334	半兽战士精英	90	2	50
5	348	334	掷斧骷髅精英	90	2	70
5	348	334	掷斧骷髅	90	2	50
5	550	530	骷髅战士精英	90	2	50
5	550	530	骷髅战将	90	2	50
5	550	530	半兽勇士精英	90	2	50
5	450	334	骷髅战将精英	50	2	60
5	450	530	骷髅战将精英	100	4	60
5	550	530	半兽战士精英	100	4	15


5	550	530	半兽战士	300	50	10
5	550	530	半兽勇士	300	20	10
5	550	530	半兽勇士	300	10	10
5	550	530	骷髅		300	20	10
5	550	530	骷髅战士	300	20	10
5	550	530	骷髅战将	300	20	10
5	550	530	掷斧骷髅	300	20	10
5	550	530	半兽战士	300	50	10
5	550	530	半兽勇士	300	20	10
5	550	530	半兽勇士	300	10	10
5	550	530	骷髅		300	20	10
5	550	530	骷髅战士	300	20	10
5	550	530	骷髅战将	300	20	10
5	550	530	掷斧骷髅	300	20	10
5	550	530	半兽战士	300	50	10
5	550	530	半兽勇士	300	20	10
5	550	530	半兽勇士	300	10	10
5	550	530	骷髅		300	20	10
5	550	530	骷髅战士	300	20	10
5	550	530	骷髅战将	300	20	10
5	550	530	掷斧骷髅	300	20	10
5	550	530	半兽战士	300	50	10
5	550	530	半兽勇士	300	20	10
5	550	530	半兽勇士	300	10	10
5	550	530	骷髅		300	20	10
5	550	530	骷髅战士	300	20	10
5	550	530	骷髅战将	300	20	10
5	550	530	掷斧骷髅	300	20	10
5	550	530	半兽战士	300	50	10
5	322	334	半兽人精英	90	2	50
5	322	334	半兽战士	90	2	50
5	348	334	半兽人	90	2	50
5	348	334	半兽战士精英	90	2	50
5	348	334	掷斧骷髅精英	90	2	70
5	348	334	掷斧骷髅	90	2	50
5	550	530	骷髅战士精英	90	2	50
5	550	530	骷髅战将	90	2	50
5	550	530	半兽勇士精英	90	2	50
5	450	334	骷髅战将精英	50	2	60
5	450	530	骷髅战将精英	100	4	60
5	550	530	半兽战士精英	100	4	15
}
